9000 4500
0 4500
1 4501
2 4502
3 4503
4 4504
5 4505
6 4506
7 4507
8 4508
9 4509
10 4510
11 4511
12 4512
13 4513
14 4514
15 4515
16 4516
17 4517
18 4518
19 4519
20 4520
21 4521
22 4522
23 4523
24 4524
25 4525
26 4526
27 4527
28 4528
29 4529
30 4530
31 4531
32 4532
33 4533
34 4534
35 4535
36 4536
37 4537
38 4538
39 4539
40 4540
41 4541
42 4542
43 4543
44 4544
45 4545
46 4546
47 4547
48 4548
49 4549
50 4550
51 4551
52 4552
53 4553
54 4554
55 4555
56 4556
57 4557
58 4558
59 4559
60 4560
61 4561
62 4562
63 4563
64 4564
65 4565
66 4566
67 4567
68 4568
69 4569
70 4570
71 4571
72 4572
73 4573
74 4574
75 4575
76 4576
77 4577
78 4578
79 4579
80 4580
81 4581
82 4582
83 4583
84 4584
85 4585
86 4586
87 4587
88 4588
89 4589
90 4590
91 4591
92 4592
93 4593
94 4594
95 4595
96 4596
97 4597
98 4598
99 4599
100 4600
101 4601
102 4602
103 4603
104 4604
105 4605
106 4606
107 4607
108 4608
109 4609
110 4610
111 4611
112 4612
113 4613
114 4614
115 4615
116 4616
117 4617
118 4618
119 4619
120 4620
121 4621
122 4622
123 4623
124 4624
125 4625
126 4626
127 4627
128 4628
129 4629
130 4630
131 4631
132 4632
133 4633
134 4634
135 4635
136 4636
137 4637
138 4638
139 4639
140 4640
141 4641
142 4642
143 4643
144 4644
145 4645
146 4646
147 4647
148 4648
149 4649
150 4650
151 4651
152 4652
153 4653
154 4654
155 4655
156 4656
157 4657
158 4658
159 4659
160 4660
161 4661
162 4662
163 4663
164 4664
165 4665
166 4666
167 4667
168 4668
169 4669
170 4670
171 4671
172 4672
173 4673
174 4674
175 4675
176 4676
177 4677
178 4678
179 4679
180 4680
181 4681
182 4682
183 4683
184 4684
185 4685
186 4686
187 4687
188 4688
189 4689
190 4690
191 4691
192 4692
193 4693
194 4694
195 4695
196 4696
197 4697
198 4698
199 4699
200 4700
201 4701
202 4702
203 4703
204 4704
205 4705
206 4706
207 4707
208 4708
209 4709
210 4710
211 4711
212 4712
213 4713
214 4714
215 4715
216 4716
217 4717
218 4718
219 4719
220 4720
221 4721
222 4722
223 4723
224 4724
225 4725
226 4726
227 4727
228 4728
229 4729
230 4730
231 4731
232 4732
233 4733
234 4734
235 4735
236 4736
237 4737
238 4738
239 4739
240 4740
241 4741
242 4742
243 4743
244 4744
245 4745
246 4746
247 4747
248 4748
249 4749
250 4750
251 4751
252 4752
253 4753
254 4754
255 4755
256 4756
257 4757
258 4758
259 4759
260 4760
261 4761
262 4762
263 4763
264 4764
265 4765
266 4766
267 4767
268 4768
269 4769
270 4770
271 4771
272 4772
273 4773
274 4774
275 4775
276 4776
277 4777
278 4778
279 4779
280 4780
281 4781
282 4782
283 4783
284 4784
285 4785
286 4786
287 4787
288 4788
289 4789
290 4790
291 4791
292 4792
293 4793
294 4794
295 4795
296 4796
297 4797
298 4798
299 4799
300 4800
301 4801
302 4802
303 4803
304 4804
305 4805
306 4806
307 4807
308 4808
309 4809
310 4810
311 4811
312 4812
313 4813
314 4814
315 4815
316 4816
317 4817
318 4818
319 4819
320 4820
321 4821
322 4822
323 4823
324 4824
325 4825
326 4826
327 4827
328 4828
329 4829
330 4830
331 4831
332 4832
333 4833
334 4834
335 4835
336 4836
337 4837
338 4838
339 4839
340 4840
341 4841
342 4842
343 4843
344 4844
345 4845
346 4846
347 4847
348 4848
349 4849
350 4850
351 4851
352 4852
353 4853
354 4854
355 4855
356 4856
357 4857
358 4858
359 4859
360 4860
361 4861
362 4862
363 4863
364 4864
365 4865
366 4866
367 4867
368 4868
369 4869
370 4870
371 4871
372 4872
373 4873
374 4874
375 4875
376 4876
377 4877
378 4878
379 4879
380 4880
381 4881
382 4882
383 4883
384 4884
385 4885
386 4886
387 4887
388 4888
389 4889
390 4890
391 4891
392 4892
393 4893
394 4894
395 4895
396 4896
397 4897
398 4898
399 4899
400 4900
401 4901
402 4902
403 4903
404 4904
405 4905
406 4906
407 4907
408 4908
409 4909
410 4910
411 4911
412 4912
413 4913
414 4914
415 4915
416 4916
417 4917
418 4918
419 4919
420 4920
421 4921
422 4922
423 4923
424 4924
425 4925
426 4926
427 4927
428 4928
429 4929
430 4930
431 4931
432 4932
433 4933
434 4934
435 4935
436 4936
437 4937
438 4938
439 4939
440 4940
441 4941
442 4942
443 4943
444 4944
445 4945
446 4946
447 4947
448 4948
449 4949
450 4950
451 4951
452 4952
453 4953
454 4954
455 4955
456 4956
457 4957
458 4958
459 4959
460 4960
461 4961
462 4962
463 4963
464 4964
465 4965
466 4966
467 4967
468 4968
469 4969
470 4970
471 4971
472 4972
473 4973
474 4974
475 4975
476 4976
477 4977
478 4978
479 4979
480 4980
481 4981
482 4982
483 4983
484 4984
485 4985
486 4986
487 4987
488 4988
489 4989
490 4990
491 4991
492 4992
493 4993
494 4994
495 4995
496 4996
497 4997
498 4998
499 4999
500 5000
501 5001
502 5002
503 5003
504 5004
505 5005
506 5006
507 5007
508 5008
509 5009
510 5010
511 5011
512 5012
513 5013
514 5014
515 5015
516 5016
517 5017
518 5018
519 5019
520 5020
521 5021
522 5022
523 5023
524 5024
525 5025
526 5026
527 5027
528 5028
529 5029
530 5030
531 5031
532 5032
533 5033
534 5034
535 5035
536 5036
537 5037
538 5038
539 5039
540 5040
541 5041
542 5042
543 5043
544 5044
545 5045
546 5046
547 5047
548 5048
549 5049
550 5050
551 5051
552 5052
553 5053
554 5054
555 5055
556 5056
557 5057
558 5058
559 5059
560 5060
561 5061
562 5062
563 5063
564 5064
565 5065
566 5066
567 5067
568 5068
569 5069
570 5070
571 5071
572 5072
573 5073
574 5074
575 5075
576 5076
577 5077
578 5078
579 5079
580 5080
581 5081
582 5082
583 5083
584 5084
585 5085
586 5086
587 5087
588 5088
589 5089
590 5090
591 5091
592 5092
593 5093
594 5094
595 5095
596 5096
597 5097
598 5098
599 5099
600 5100
601 5101
602 5102
603 5103
604 5104
605 5105
606 5106
607 5107
608 5108
609 5109
610 5110
611 5111
612 5112
613 5113
614 5114
615 5115
616 5116
617 5117
618 5118
619 5119
620 5120
621 5121
622 5122
623 5123
624 5124
625 5125
626 5126
627 5127
628 5128
629 5129
630 5130
631 5131
632 5132
633 5133
634 5134
635 5135
636 5136
637 5137
638 5138
639 5139
640 5140
641 5141
642 5142
643 5143
644 5144
645 5145
646 5146
647 5147
648 5148
649 5149
650 5150
651 5151
652 5152
653 5153
654 5154
655 5155
656 5156
657 5157
658 5158
659 5159
660 5160
661 5161
662 5162
663 5163
664 5164
665 5165
666 5166
667 5167
668 5168
669 5169
670 5170
671 5171
672 5172
673 5173
674 5174
675 5175
676 5176
677 5177
678 5178
679 5179
680 5180
681 5181
682 5182
683 5183
684 5184
685 5185
686 5186
687 5187
688 5188
689 5189
690 5190
691 5191
692 5192
693 5193
694 5194
695 5195
696 5196
697 5197
698 5198
699 5199
700 5200
701 5201
702 5202
703 5203
704 5204
705 5205
706 5206
707 5207
708 5208
709 5209
710 5210
711 5211
712 5212
713 5213
714 5214
715 5215
716 5216
717 5217
718 5218
719 5219
720 5220
721 5221
722 5222
723 5223
724 5224
725 5225
726 5226
727 5227
728 5228
729 5229
730 5230
731 5231
732 5232
733 5233
734 5234
735 5235
736 5236
737 5237
738 5238
739 5239
740 5240
741 5241
742 5242
743 5243
744 5244
745 5245
746 5246
747 5247
748 5248
749 5249
750 5250
751 5251
752 5252
753 5253
754 5254
755 5255
756 5256
757 5257
758 5258
759 5259
760 5260
761 5261
762 5262
763 5263
764 5264
765 5265
766 5266
767 5267
768 5268
769 5269
770 5270
771 5271
772 5272
773 5273
774 5274
775 5275
776 5276
777 5277
778 5278
779 5279
780 5280
781 5281
782 5282
783 5283
784 5284
785 5285
786 5286
787 5287
788 5288
789 5289
790 5290
791 5291
792 5292
793 5293
794 5294
795 5295
796 5296
797 5297
798 5298
799 5299
800 5300
801 5301
802 5302
803 5303
804 5304
805 5305
806 5306
807 5307
808 5308
809 5309
810 5310
811 5311
812 5312
813 5313
814 5314
815 5315
816 5316
817 5317
818 5318
819 5319
820 5320
821 5321
822 5322
823 5323
824 5324
825 5325
826 5326
827 5327
828 5328
829 5329
830 5330
831 5331
832 5332
833 5333
834 5334
835 5335
836 5336
837 5337
838 5338
839 5339
840 5340
841 5341
842 5342
843 5343
844 5344
845 5345
846 5346
847 5347
848 5348
849 5349
850 5350
851 5351
852 5352
853 5353
854 5354
855 5355
856 5356
857 5357
858 5358
859 5359
860 5360
861 5361
862 5362
863 5363
864 5364
865 5365
866 5366
867 5367
868 5368
869 5369
870 5370
871 5371
872 5372
873 5373
874 5374
875 5375
876 5376
877 5377
878 5378
879 5379
880 5380
881 5381
882 5382
883 5383
884 5384
885 5385
886 5386
887 5387
888 5388
889 5389
890 5390
891 5391
892 5392
893 5393
894 5394
895 5395
896 5396
897 5397
898 5398
899 5399
900 5400
901 5401
902 5402
903 5403
904 5404
905 5405
906 5406
907 5407
908 5408
909 5409
910 5410
911 5411
912 5412
913 5413
914 5414
915 5415
916 5416
917 5417
918 5418
919 5419
920 5420
921 5421
922 5422
923 5423
924 5424
925 5425
926 5426
927 5427
928 5428
929 5429
930 5430
931 5431
932 5432
933 5433
934 5434
935 5435
936 5436
937 5437
938 5438
939 5439
940 5440
941 5441
942 5442
943 5443
944 5444
945 5445
946 5446
947 5447
948 5448
949 5449
950 5450
951 5451
952 5452
953 5453
954 5454
955 5455
956 5456
957 5457
958 5458
959 5459
960 5460
961 5461
962 5462
963 5463
964 5464
965 5465
966 5466
967 5467
968 5468
969 5469
970 5470
971 5471
972 5472
973 5473
974 5474
975 5475
976 5476
977 5477
978 5478
979 5479
980 5480
981 5481
982 5482
983 5483
984 5484
985 5485
986 5486
987 5487
988 5488
989 5489
990 5490
991 5491
992 5492
993 5493
994 5494
995 5495
996 5496
997 5497
998 5498
999 5499
1000 5500
1001 5501
1002 5502
1003 5503
1004 5504
1005 5505
1006 5506
1007 5507
1008 5508
1009 5509
1010 5510
1011 5511
1012 5512
1013 5513
1014 5514
1015 5515
1016 5516
1017 5517
1018 5518
1019 5519
1020 5520
1021 5521
1022 5522
1023 5523
1024 5524
1025 5525
1026 5526
1027 5527
1028 5528
1029 5529
1030 5530
1031 5531
1032 5532
1033 5533
1034 5534
1035 5535
1036 5536
1037 5537
1038 5538
1039 5539
1040 5540
1041 5541
1042 5542
1043 5543
1044 5544
1045 5545
1046 5546
1047 5547
1048 5548
1049 5549
1050 5550
1051 5551
1052 5552
1053 5553
1054 5554
1055 5555
1056 5556
1057 5557
1058 5558
1059 5559
1060 5560
1061 5561
1062 5562
1063 5563
1064 5564
1065 5565
1066 5566
1067 5567
1068 5568
1069 5569
1070 5570
1071 5571
1072 5572
1073 5573
1074 5574
1075 5575
1076 5576
1077 5577
1078 5578
1079 5579
1080 5580
1081 5581
1082 5582
1083 5583
1084 5584
1085 5585
1086 5586
1087 5587
1088 5588
1089 5589
1090 5590
1091 5591
1092 5592
1093 5593
1094 5594
1095 5595
1096 5596
1097 5597
1098 5598
1099 5599
1100 5600
1101 5601
1102 5602
1103 5603
1104 5604
1105 5605
1106 5606
1107 5607
1108 5608
1109 5609
1110 5610
1111 5611
1112 5612
1113 5613
1114 5614
1115 5615
1116 5616
1117 5617
1118 5618
1119 5619
1120 5620
1121 5621
1122 5622
1123 5623
1124 5624
1125 5625
1126 5626
1127 5627
1128 5628
1129 5629
1130 5630
1131 5631
1132 5632
1133 5633
1134 5634
1135 5635
1136 5636
1137 5637
1138 5638
1139 5639
1140 5640
1141 5641
1142 5642
1143 5643
1144 5644
1145 5645
1146 5646
1147 5647
1148 5648
1149 5649
1150 5650
1151 5651
1152 5652
1153 5653
1154 5654
1155 5655
1156 5656
1157 5657
1158 5658
1159 5659
1160 5660
1161 5661
1162 5662
1163 5663
1164 5664
1165 5665
1166 5666
1167 5667
1168 5668
1169 5669
1170 5670
1171 5671
1172 5672
1173 5673
1174 5674
1175 5675
1176 5676
1177 5677
1178 5678
1179 5679
1180 5680
1181 5681
1182 5682
1183 5683
1184 5684
1185 5685
1186 5686
1187 5687
1188 5688
1189 5689
1190 5690
1191 5691
1192 5692
1193 5693
1194 5694
1195 5695
1196 5696
1197 5697
1198 5698
1199 5699
1200 5700
1201 5701
1202 5702
1203 5703
1204 5704
1205 5705
1206 5706
1207 5707
1208 5708
1209 5709
1210 5710
1211 5711
1212 5712
1213 5713
1214 5714
1215 5715
1216 5716
1217 5717
1218 5718
1219 5719
1220 5720
1221 5721
1222 5722
1223 5723
1224 5724
1225 5725
1226 5726
1227 5727
1228 5728
1229 5729
1230 5730
1231 5731
1232 5732
1233 5733
1234 5734
1235 5735
1236 5736
1237 5737
1238 5738
1239 5739
1240 5740
1241 5741
1242 5742
1243 5743
1244 5744
1245 5745
1246 5746
1247 5747
1248 5748
1249 5749
1250 5750
1251 5751
1252 5752
1253 5753
1254 5754
1255 5755
1256 5756
1257 5757
1258 5758
1259 5759
1260 5760
1261 5761
1262 5762
1263 5763
1264 5764
1265 5765
1266 5766
1267 5767
1268 5768
1269 5769
1270 5770
1271 5771
1272 5772
1273 5773
1274 5774
1275 5775
1276 5776
1277 5777
1278 5778
1279 5779
1280 5780
1281 5781
1282 5782
1283 5783
1284 5784
1285 5785
1286 5786
1287 5787
1288 5788
1289 5789
1290 5790
1291 5791
1292 5792
1293 5793
1294 5794
1295 5795
1296 5796
1297 5797
1298 5798
1299 5799
1300 5800
1301 5801
1302 5802
1303 5803
1304 5804
1305 5805
1306 5806
1307 5807
1308 5808
1309 5809
1310 5810
1311 5811
1312 5812
1313 5813
1314 5814
1315 5815
1316 5816
1317 5817
1318 5818
1319 5819
1320 5820
1321 5821
1322 5822
1323 5823
1324 5824
1325 5825
1326 5826
1327 5827
1328 5828
1329 5829
1330 5830
1331 5831
1332 5832
1333 5833
1334 5834
1335 5835
1336 5836
1337 5837
1338 5838
1339 5839
1340 5840
1341 5841
1342 5842
1343 5843
1344 5844
1345 5845
1346 5846
1347 5847
1348 5848
1349 5849
1350 5850
1351 5851
1352 5852
1353 5853
1354 5854
1355 5855
1356 5856
1357 5857
1358 5858
1359 5859
1360 5860
1361 5861
1362 5862
1363 5863
1364 5864
1365 5865
1366 5866
1367 5867
1368 5868
1369 5869
1370 5870
1371 5871
1372 5872
1373 5873
1374 5874
1375 5875
1376 5876
1377 5877
1378 5878
1379 5879
1380 5880
1381 5881
1382 5882
1383 5883
1384 5884
1385 5885
1386 5886
1387 5887
1388 5888
1389 5889
1390 5890
1391 5891
1392 5892
1393 5893
1394 5894
1395 5895
1396 5896
1397 5897
1398 5898
1399 5899
1400 5900
1401 5901
1402 5902
1403 5903
1404 5904
1405 5905
1406 5906
1407 5907
1408 5908
1409 5909
1410 5910
1411 5911
1412 5912
1413 5913
1414 5914
1415 5915
1416 5916
1417 5917
1418 5918
1419 5919
1420 5920
1421 5921
1422 5922
1423 5923
1424 5924
1425 5925
1426 5926
1427 5927
1428 5928
1429 5929
1430 5930
1431 5931
1432 5932
1433 5933
1434 5934
1435 5935
1436 5936
1437 5937
1438 5938
1439 5939
1440 5940
1441 5941
1442 5942
1443 5943
1444 5944
1445 5945
1446 5946
1447 5947
1448 5948
1449 5949
1450 5950
1451 5951
1452 5952
1453 5953
1454 5954
1455 5955
1456 5956
1457 5957
1458 5958
1459 5959
1460 5960
1461 5961
1462 5962
1463 5963
1464 5964
1465 5965
1466 5966
1467 5967
1468 5968
1469 5969
1470 5970
1471 5971
1472 5972
1473 5973
1474 5974
1475 5975
1476 5976
1477 5977
1478 5978
1479 5979
1480 5980
1481 5981
1482 5982
1483 5983
1484 5984
1485 5985
1486 5986
1487 5987
1488 5988
1489 5989
1490 5990
1491 5991
1492 5992
1493 5993
1494 5994
1495 5995
1496 5996
1497 5997
1498 5998
1499 5999
1500 6000
1501 6001
1502 6002
1503 6003
1504 6004
1505 6005
1506 6006
1507 6007
1508 6008
1509 6009
1510 6010
1511 6011
1512 6012
1513 6013
1514 6014
1515 6015
1516 6016
1517 6017
1518 6018
1519 6019
1520 6020
1521 6021
1522 6022
1523 6023
1524 6024
1525 6025
1526 6026
1527 6027
1528 6028
1529 6029
1530 6030
1531 6031
1532 6032
1533 6033
1534 6034
1535 6035
1536 6036
1537 6037
1538 6038
1539 6039
1540 6040
1541 6041
1542 6042
1543 6043
1544 6044
1545 6045
1546 6046
1547 6047
1548 6048
1549 6049
1550 6050
1551 6051
1552 6052
1553 6053
1554 6054
1555 6055
1556 6056
1557 6057
1558 6058
1559 6059
1560 6060
1561 6061
1562 6062
1563 6063
1564 6064
1565 6065
1566 6066
1567 6067
1568 6068
1569 6069
1570 6070
1571 6071
1572 6072
1573 6073
1574 6074
1575 6075
1576 6076
1577 6077
1578 6078
1579 6079
1580 6080
1581 6081
1582 6082
1583 6083
1584 6084
1585 6085
1586 6086
1587 6087
1588 6088
1589 6089
1590 6090
1591 6091
1592 6092
1593 6093
1594 6094
1595 6095
1596 6096
1597 6097
1598 6098
1599 6099
1600 6100
1601 6101
1602 6102
1603 6103
1604 6104
1605 6105
1606 6106
1607 6107
1608 6108
1609 6109
1610 6110
1611 6111
1612 6112
1613 6113
1614 6114
1615 6115
1616 6116
1617 6117
1618 6118
1619 6119
1620 6120
1621 6121
1622 6122
1623 6123
1624 6124
1625 6125
1626 6126
1627 6127
1628 6128
1629 6129
1630 6130
1631 6131
1632 6132
1633 6133
1634 6134
1635 6135
1636 6136
1637 6137
1638 6138
1639 6139
1640 6140
1641 6141
1642 6142
1643 6143
1644 6144
1645 6145
1646 6146
1647 6147
1648 6148
1649 6149
1650 6150
1651 6151
1652 6152
1653 6153
1654 6154
1655 6155
1656 6156
1657 6157
1658 6158
1659 6159
1660 6160
1661 6161
1662 6162
1663 6163
1664 6164
1665 6165
1666 6166
1667 6167
1668 6168
1669 6169
1670 6170
1671 6171
1672 6172
1673 6173
1674 6174
1675 6175
1676 6176
1677 6177
1678 6178
1679 6179
1680 6180
1681 6181
1682 6182
1683 6183
1684 6184
1685 6185
1686 6186
1687 6187
1688 6188
1689 6189
1690 6190
1691 6191
1692 6192
1693 6193
1694 6194
1695 6195
1696 6196
1697 6197
1698 6198
1699 6199
1700 6200
1701 6201
1702 6202
1703 6203
1704 6204
1705 6205
1706 6206
1707 6207
1708 6208
1709 6209
1710 6210
1711 6211
1712 6212
1713 6213
1714 6214
1715 6215
1716 6216
1717 6217
1718 6218
1719 6219
1720 6220
1721 6221
1722 6222
1723 6223
1724 6224
1725 6225
1726 6226
1727 6227
1728 6228
1729 6229
1730 6230
1731 6231
1732 6232
1733 6233
1734 6234
1735 6235
1736 6236
1737 6237
1738 6238
1739 6239
1740 6240
1741 6241
1742 6242
1743 6243
1744 6244
1745 6245
1746 6246
1747 6247
1748 6248
1749 6249
1750 6250
1751 6251
1752 6252
1753 6253
1754 6254
1755 6255
1756 6256
1757 6257
1758 6258
1759 6259
1760 6260
1761 6261
1762 6262
1763 6263
1764 6264
1765 6265
1766 6266
1767 6267
1768 6268
1769 6269
1770 6270
1771 6271
1772 6272
1773 6273
1774 6274
1775 6275
1776 6276
1777 6277
1778 6278
1779 6279
1780 6280
1781 6281
1782 6282
1783 6283
1784 6284
1785 6285
1786 6286
1787 6287
1788 6288
1789 6289
1790 6290
1791 6291
1792 6292
1793 6293
1794 6294
1795 6295
1796 6296
1797 6297
1798 6298
1799 6299
1800 6300
1801 6301
1802 6302
1803 6303
1804 6304
1805 6305
1806 6306
1807 6307
1808 6308
1809 6309
1810 6310
1811 6311
1812 6312
1813 6313
1814 6314
1815 6315
1816 6316
1817 6317
1818 6318
1819 6319
1820 6320
1821 6321
1822 6322
1823 6323
1824 6324
1825 6325
1826 6326
1827 6327
1828 6328
1829 6329
1830 6330
1831 6331
1832 6332
1833 6333
1834 6334
1835 6335
1836 6336
1837 6337
1838 6338
1839 6339
1840 6340
1841 6341
1842 6342
1843 6343
1844 6344
1845 6345
1846 6346
1847 6347
1848 6348
1849 6349
1850 6350
1851 6351
1852 6352
1853 6353
1854 6354
1855 6355
1856 6356
1857 6357
1858 6358
1859 6359
1860 6360
1861 6361
1862 6362
1863 6363
1864 6364
1865 6365
1866 6366
1867 6367
1868 6368
1869 6369
1870 6370
1871 6371
1872 6372
1873 6373
1874 6374
1875 6375
1876 6376
1877 6377
1878 6378
1879 6379
1880 6380
1881 6381
1882 6382
1883 6383
1884 6384
1885 6385
1886 6386
1887 6387
1888 6388
1889 6389
1890 6390
1891 6391
1892 6392
1893 6393
1894 6394
1895 6395
1896 6396
1897 6397
1898 6398
1899 6399
1900 6400
1901 6401
1902 6402
1903 6403
1904 6404
1905 6405
1906 6406
1907 6407
1908 6408
1909 6409
1910 6410
1911 6411
1912 6412
1913 6413
1914 6414
1915 6415
1916 6416
1917 6417
1918 6418
1919 6419
1920 6420
1921 6421
1922 6422
1923 6423
1924 6424
1925 6425
1926 6426
1927 6427
1928 6428
1929 6429
1930 6430
1931 6431
1932 6432
1933 6433
1934 6434
1935 6435
1936 6436
1937 6437
1938 6438
1939 6439
1940 6440
1941 6441
1942 6442
1943 6443
1944 6444
1945 6445
1946 6446
1947 6447
1948 6448
1949 6449
1950 6450
1951 6451
1952 6452
1953 6453
1954 6454
1955 6455
1956 6456
1957 6457
1958 6458
1959 6459
1960 6460
1961 6461
1962 6462
1963 6463
1964 6464
1965 6465
1966 6466
1967 6467
1968 6468
1969 6469
1970 6470
1971 6471
1972 6472
1973 6473
1974 6474
1975 6475
1976 6476
1977 6477
1978 6478
1979 6479
1980 6480
1981 6481
1982 6482
1983 6483
1984 6484
1985 6485
1986 6486
1987 6487
1988 6488
1989 6489
1990 6490
1991 6491
1992 6492
1993 6493
1994 6494
1995 6495
1996 6496
1997 6497
1998 6498
1999 6499
2000 6500
2001 6501
2002 6502
2003 6503
2004 6504
2005 6505
2006 6506
2007 6507
2008 6508
2009 6509
2010 6510
2011 6511
2012 6512
2013 6513
2014 6514
2015 6515
2016 6516
2017 6517
2018 6518
2019 6519
2020 6520
2021 6521
2022 6522
2023 6523
2024 6524
2025 6525
2026 6526
2027 6527
2028 6528
2029 6529
2030 6530
2031 6531
2032 6532
2033 6533
2034 6534
2035 6535
2036 6536
2037 6537
2038 6538
2039 6539
2040 6540
2041 6541
2042 6542
2043 6543
2044 6544
2045 6545
2046 6546
2047 6547
2048 6548
2049 6549
2050 6550
2051 6551
2052 6552
2053 6553
2054 6554
2055 6555
2056 6556
2057 6557
2058 6558
2059 6559
2060 6560
2061 6561
2062 6562
2063 6563
2064 6564
2065 6565
2066 6566
2067 6567
2068 6568
2069 6569
2070 6570
2071 6571
2072 6572
2073 6573
2074 6574
2075 6575
2076 6576
2077 6577
2078 6578
2079 6579
2080 6580
2081 6581
2082 6582
2083 6583
2084 6584
2085 6585
2086 6586
2087 6587
2088 6588
2089 6589
2090 6590
2091 6591
2092 6592
2093 6593
2094 6594
2095 6595
2096 6596
2097 6597
2098 6598
2099 6599
2100 6600
2101 6601
2102 6602
2103 6603
2104 6604
2105 6605
2106 6606
2107 6607
2108 6608
2109 6609
2110 6610
2111 6611
2112 6612
2113 6613
2114 6614
2115 6615
2116 6616
2117 6617
2118 6618
2119 6619
2120 6620
2121 6621
2122 6622
2123 6623
2124 6624
2125 6625
2126 6626
2127 6627
2128 6628
2129 6629
2130 6630
2131 6631
2132 6632
2133 6633
2134 6634
2135 6635
2136 6636
2137 6637
2138 6638
2139 6639
2140 6640
2141 6641
2142 6642
2143 6643
2144 6644
2145 6645
2146 6646
2147 6647
2148 6648
2149 6649
2150 6650
2151 6651
2152 6652
2153 6653
2154 6654
2155 6655
2156 6656
2157 6657
2158 6658
2159 6659
2160 6660
2161 6661
2162 6662
2163 6663
2164 6664
2165 6665
2166 6666
2167 6667
2168 6668
2169 6669
2170 6670
2171 6671
2172 6672
2173 6673
2174 6674
2175 6675
2176 6676
2177 6677
2178 6678
2179 6679
2180 6680
2181 6681
2182 6682
2183 6683
2184 6684
2185 6685
2186 6686
2187 6687
2188 6688
2189 6689
2190 6690
2191 6691
2192 6692
2193 6693
2194 6694
2195 6695
2196 6696
2197 6697
2198 6698
2199 6699
2200 6700
2201 6701
2202 6702
2203 6703
2204 6704
2205 6705
2206 6706
2207 6707
2208 6708
2209 6709
2210 6710
2211 6711
2212 6712
2213 6713
2214 6714
2215 6715
2216 6716
2217 6717
2218 6718
2219 6719
2220 6720
2221 6721
2222 6722
2223 6723
2224 6724
2225 6725
2226 6726
2227 6727
2228 6728
2229 6729
2230 6730
2231 6731
2232 6732
2233 6733
2234 6734
2235 6735
2236 6736
2237 6737
2238 6738
2239 6739
2240 6740
2241 6741
2242 6742
2243 6743
2244 6744
2245 6745
2246 6746
2247 6747
2248 6748
2249 6749
2250 6750
2251 6751
2252 6752
2253 6753
2254 6754
2255 6755
2256 6756
2257 6757
2258 6758
2259 6759
2260 6760
2261 6761
2262 6762
2263 6763
2264 6764
2265 6765
2266 6766
2267 6767
2268 6768
2269 6769
2270 6770
2271 6771
2272 6772
2273 6773
2274 6774
2275 6775
2276 6776
2277 6777
2278 6778
2279 6779
2280 6780
2281 6781
2282 6782
2283 6783
2284 6784
2285 6785
2286 6786
2287 6787
2288 6788
2289 6789
2290 6790
2291 6791
2292 6792
2293 6793
2294 6794
2295 6795
2296 6796
2297 6797
2298 6798
2299 6799
2300 6800
2301 6801
2302 6802
2303 6803
2304 6804
2305 6805
2306 6806
2307 6807
2308 6808
2309 6809
2310 6810
2311 6811
2312 6812
2313 6813
2314 6814
2315 6815
2316 6816
2317 6817
2318 6818
2319 6819
2320 6820
2321 6821
2322 6822
2323 6823
2324 6824
2325 6825
2326 6826
2327 6827
2328 6828
2329 6829
2330 6830
2331 6831
2332 6832
2333 6833
2334 6834
2335 6835
2336 6836
2337 6837
2338 6838
2339 6839
2340 6840
2341 6841
2342 6842
2343 6843
2344 6844
2345 6845
2346 6846
2347 6847
2348 6848
2349 6849
2350 6850
2351 6851
2352 6852
2353 6853
2354 6854
2355 6855
2356 6856
2357 6857
2358 6858
2359 6859
2360 6860
2361 6861
2362 6862
2363 6863
2364 6864
2365 6865
2366 6866
2367 6867
2368 6868
2369 6869
2370 6870
2371 6871
2372 6872
2373 6873
2374 6874
2375 6875
2376 6876
2377 6877
2378 6878
2379 6879
2380 6880
2381 6881
2382 6882
2383 6883
2384 6884
2385 6885
2386 6886
2387 6887
2388 6888
2389 6889
2390 6890
2391 6891
2392 6892
2393 6893
2394 6894
2395 6895
2396 6896
2397 6897
2398 6898
2399 6899
2400 6900
2401 6901
2402 6902
2403 6903
2404 6904
2405 6905
2406 6906
2407 6907
2408 6908
2409 6909
2410 6910
2411 6911
2412 6912
2413 6913
2414 6914
2415 6915
2416 6916
2417 6917
2418 6918
2419 6919
2420 6920
2421 6921
2422 6922
2423 6923
2424 6924
2425 6925
2426 6926
2427 6927
2428 6928
2429 6929
2430 6930
2431 6931
2432 6932
2433 6933
2434 6934
2435 6935
2436 6936
2437 6937
2438 6938
2439 6939
2440 6940
2441 6941
2442 6942
2443 6943
2444 6944
2445 6945
2446 6946
2447 6947
2448 6948
2449 6949
2450 6950
2451 6951
2452 6952
2453 6953
2454 6954
2455 6955
2456 6956
2457 6957
2458 6958
2459 6959
2460 6960
2461 6961
2462 6962
2463 6963
2464 6964
2465 6965
2466 6966
2467 6967
2468 6968
2469 6969
2470 6970
2471 6971
2472 6972
2473 6973
2474 6974
2475 6975
2476 6976
2477 6977
2478 6978
2479 6979
2480 6980
2481 6981
2482 6982
2483 6983
2484 6984
2485 6985
2486 6986
2487 6987
2488 6988
2489 6989
2490 6990
2491 6991
2492 6992
2493 6993
2494 6994
2495 6995
2496 6996
2497 6997
2498 6998
2499 6999
2500 7000
2501 7001
2502 7002
2503 7003
2504 7004
2505 7005
2506 7006
2507 7007
2508 7008
2509 7009
2510 7010
2511 7011
2512 7012
2513 7013
2514 7014
2515 7015
2516 7016
2517 7017
2518 7018
2519 7019
2520 7020
2521 7021
2522 7022
2523 7023
2524 7024
2525 7025
2526 7026
2527 7027
2528 7028
2529 7029
2530 7030
2531 7031
2532 7032
2533 7033
2534 7034
2535 7035
2536 7036
2537 7037
2538 7038
2539 7039
2540 7040
2541 7041
2542 7042
2543 7043
2544 7044
2545 7045
2546 7046
2547 7047
2548 7048
2549 7049
2550 7050
2551 7051
2552 7052
2553 7053
2554 7054
2555 7055
2556 7056
2557 7057
2558 7058
2559 7059
2560 7060
2561 7061
2562 7062
2563 7063
2564 7064
2565 7065
2566 7066
2567 7067
2568 7068
2569 7069
2570 7070
2571 7071
2572 7072
2573 7073
2574 7074
2575 7075
2576 7076
2577 7077
2578 7078
2579 7079
2580 7080
2581 7081
2582 7082
2583 7083
2584 7084
2585 7085
2586 7086
2587 7087
2588 7088
2589 7089
2590 7090
2591 7091
2592 7092
2593 7093
2594 7094
2595 7095
2596 7096
2597 7097
2598 7098
2599 7099
2600 7100
2601 7101
2602 7102
2603 7103
2604 7104
2605 7105
2606 7106
2607 7107
2608 7108
2609 7109
2610 7110
2611 7111
2612 7112
2613 7113
2614 7114
2615 7115
2616 7116
2617 7117
2618 7118
2619 7119
2620 7120
2621 7121
2622 7122
2623 7123
2624 7124
2625 7125
2626 7126
2627 7127
2628 7128
2629 7129
2630 7130
2631 7131
2632 7132
2633 7133
2634 7134
2635 7135
2636 7136
2637 7137
2638 7138
2639 7139
2640 7140
2641 7141
2642 7142
2643 7143
2644 7144
2645 7145
2646 7146
2647 7147
2648 7148
2649 7149
2650 7150
2651 7151
2652 7152
2653 7153
2654 7154
2655 7155
2656 7156
2657 7157
2658 7158
2659 7159
2660 7160
2661 7161
2662 7162
2663 7163
2664 7164
2665 7165
2666 7166
2667 7167
2668 7168
2669 7169
2670 7170
2671 7171
2672 7172
2673 7173
2674 7174
2675 7175
2676 7176
2677 7177
2678 7178
2679 7179
2680 7180
2681 7181
2682 7182
2683 7183
2684 7184
2685 7185
2686 7186
2687 7187
2688 7188
2689 7189
2690 7190
2691 7191
2692 7192
2693 7193
2694 7194
2695 7195
2696 7196
2697 7197
2698 7198
2699 7199
2700 7200
2701 7201
2702 7202
2703 7203
2704 7204
2705 7205
2706 7206
2707 7207
2708 7208
2709 7209
2710 7210
2711 7211
2712 7212
2713 7213
2714 7214
2715 7215
2716 7216
2717 7217
2718 7218
2719 7219
2720 7220
2721 7221
2722 7222
2723 7223
2724 7224
2725 7225
2726 7226
2727 7227
2728 7228
2729 7229
2730 7230
2731 7231
2732 7232
2733 7233
2734 7234
2735 7235
2736 7236
2737 7237
2738 7238
2739 7239
2740 7240
2741 7241
2742 7242
2743 7243
2744 7244
2745 7245
2746 7246
2747 7247
2748 7248
2749 7249
2750 7250
2751 7251
2752 7252
2753 7253
2754 7254
2755 7255
2756 7256
2757 7257
2758 7258
2759 7259
2760 7260
2761 7261
2762 7262
2763 7263
2764 7264
2765 7265
2766 7266
2767 7267
2768 7268
2769 7269
2770 7270
2771 7271
2772 7272
2773 7273
2774 7274
2775 7275
2776 7276
2777 7277
2778 7278
2779 7279
2780 7280
2781 7281
2782 7282
2783 7283
2784 7284
2785 7285
2786 7286
2787 7287
2788 7288
2789 7289
2790 7290
2791 7291
2792 7292
2793 7293
2794 7294
2795 7295
2796 7296
2797 7297
2798 7298
2799 7299
2800 7300
2801 7301
2802 7302
2803 7303
2804 7304
2805 7305
2806 7306
2807 7307
2808 7308
2809 7309
2810 7310
2811 7311
2812 7312
2813 7313
2814 7314
2815 7315
2816 7316
2817 7317
2818 7318
2819 7319
2820 7320
2821 7321
2822 7322
2823 7323
2824 7324
2825 7325
2826 7326
2827 7327
2828 7328
2829 7329
2830 7330
2831 7331
2832 7332
2833 7333
2834 7334
2835 7335
2836 7336
2837 7337
2838 7338
2839 7339
2840 7340
2841 7341
2842 7342
2843 7343
2844 7344
2845 7345
2846 7346
2847 7347
2848 7348
2849 7349
2850 7350
2851 7351
2852 7352
2853 7353
2854 7354
2855 7355
2856 7356
2857 7357
2858 7358
2859 7359
2860 7360
2861 7361
2862 7362
2863 7363
2864 7364
2865 7365
2866 7366
2867 7367
2868 7368
2869 7369
2870 7370
2871 7371
2872 7372
2873 7373
2874 7374
2875 7375
2876 7376
2877 7377
2878 7378
2879 7379
2880 7380
2881 7381
2882 7382
2883 7383
2884 7384
2885 7385
2886 7386
2887 7387
2888 7388
2889 7389
2890 7390
2891 7391
2892 7392
2893 7393
2894 7394
2895 7395
2896 7396
2897 7397
2898 7398
2899 7399
2900 7400
2901 7401
2902 7402
2903 7403
2904 7404
2905 7405
2906 7406
2907 7407
2908 7408
2909 7409
2910 7410
2911 7411
2912 7412
2913 7413
2914 7414
2915 7415
2916 7416
2917 7417
2918 7418
2919 7419
2920 7420
2921 7421
2922 7422
2923 7423
2924 7424
2925 7425
2926 7426
2927 7427
2928 7428
2929 7429
2930 7430
2931 7431
2932 7432
2933 7433
2934 7434
2935 7435
2936 7436
2937 7437
2938 7438
2939 7439
2940 7440
2941 7441
2942 7442
2943 7443
2944 7444
2945 7445
2946 7446
2947 7447
2948 7448
2949 7449
2950 7450
2951 7451
2952 7452
2953 7453
2954 7454
2955 7455
2956 7456
2957 7457
2958 7458
2959 7459
2960 7460
2961 7461
2962 7462
2963 7463
2964 7464
2965 7465
2966 7466
2967 7467
2968 7468
2969 7469
2970 7470
2971 7471
2972 7472
2973 7473
2974 7474
2975 7475
2976 7476
2977 7477
2978 7478
2979 7479
2980 7480
2981 7481
2982 7482
2983 7483
2984 7484
2985 7485
2986 7486
2987 7487
2988 7488
2989 7489
2990 7490
2991 7491
2992 7492
2993 7493
2994 7494
2995 7495
2996 7496
2997 7497
2998 7498
2999 7499
3000 7500
3001 7501
3002 7502
3003 7503
3004 7504
3005 7505
3006 7506
3007 7507
3008 7508
3009 7509
3010 7510
3011 7511
3012 7512
3013 7513
3014 7514
3015 7515
3016 7516
3017 7517
3018 7518
3019 7519
3020 7520
3021 7521
3022 7522
3023 7523
3024 7524
3025 7525
3026 7526
3027 7527
3028 7528
3029 7529
3030 7530
3031 7531
3032 7532
3033 7533
3034 7534
3035 7535
3036 7536
3037 7537
3038 7538
3039 7539
3040 7540
3041 7541
3042 7542
3043 7543
3044 7544
3045 7545
3046 7546
3047 7547
3048 7548
3049 7549
3050 7550
3051 7551
3052 7552
3053 7553
3054 7554
3055 7555
3056 7556
3057 7557
3058 7558
3059 7559
3060 7560
3061 7561
3062 7562
3063 7563
3064 7564
3065 7565
3066 7566
3067 7567
3068 7568
3069 7569
3070 7570
3071 7571
3072 7572
3073 7573
3074 7574
3075 7575
3076 7576
3077 7577
3078 7578
3079 7579
3080 7580
3081 7581
3082 7582
3083 7583
3084 7584
3085 7585
3086 7586
3087 7587
3088 7588
3089 7589
3090 7590
3091 7591
3092 7592
3093 7593
3094 7594
3095 7595
3096 7596
3097 7597
3098 7598
3099 7599
3100 7600
3101 7601
3102 7602
3103 7603
3104 7604
3105 7605
3106 7606
3107 7607
3108 7608
3109 7609
3110 7610
3111 7611
3112 7612
3113 7613
3114 7614
3115 7615
3116 7616
3117 7617
3118 7618
3119 7619
3120 7620
3121 7621
3122 7622
3123 7623
3124 7624
3125 7625
3126 7626
3127 7627
3128 7628
3129 7629
3130 7630
3131 7631
3132 7632
3133 7633
3134 7634
3135 7635
3136 7636
3137 7637
3138 7638
3139 7639
3140 7640
3141 7641
3142 7642
3143 7643
3144 7644
3145 7645
3146 7646
3147 7647
3148 7648
3149 7649
3150 7650
3151 7651
3152 7652
3153 7653
3154 7654
3155 7655
3156 7656
3157 7657
3158 7658
3159 7659
3160 7660
3161 7661
3162 7662
3163 7663
3164 7664
3165 7665
3166 7666
3167 7667
3168 7668
3169 7669
3170 7670
3171 7671
3172 7672
3173 7673
3174 7674
3175 7675
3176 7676
3177 7677
3178 7678
3179 7679
3180 7680
3181 7681
3182 7682
3183 7683
3184 7684
3185 7685
3186 7686
3187 7687
3188 7688
3189 7689
3190 7690
3191 7691
3192 7692
3193 7693
3194 7694
3195 7695
3196 7696
3197 7697
3198 7698
3199 7699
3200 7700
3201 7701
3202 7702
3203 7703
3204 7704
3205 7705
3206 7706
3207 7707
3208 7708
3209 7709
3210 7710
3211 7711
3212 7712
3213 7713
3214 7714
3215 7715
3216 7716
3217 7717
3218 7718
3219 7719
3220 7720
3221 7721
3222 7722
3223 7723
3224 7724
3225 7725
3226 7726
3227 7727
3228 7728
3229 7729
3230 7730
3231 7731
3232 7732
3233 7733
3234 7734
3235 7735
3236 7736
3237 7737
3238 7738
3239 7739
3240 7740
3241 7741
3242 7742
3243 7743
3244 7744
3245 7745
3246 7746
3247 7747
3248 7748
3249 7749
3250 7750
3251 7751
3252 7752
3253 7753
3254 7754
3255 7755
3256 7756
3257 7757
3258 7758
3259 7759
3260 7760
3261 7761
3262 7762
3263 7763
3264 7764
3265 7765
3266 7766
3267 7767
3268 7768
3269 7769
3270 7770
3271 7771
3272 7772
3273 7773
3274 7774
3275 7775
3276 7776
3277 7777
3278 7778
3279 7779
3280 7780
3281 7781
3282 7782
3283 7783
3284 7784
3285 7785
3286 7786
3287 7787
3288 7788
3289 7789
3290 7790
3291 7791
3292 7792
3293 7793
3294 7794
3295 7795
3296 7796
3297 7797
3298 7798
3299 7799
3300 7800
3301 7801
3302 7802
3303 7803
3304 7804
3305 7805
3306 7806
3307 7807
3308 7808
3309 7809
3310 7810
3311 7811
3312 7812
3313 7813
3314 7814
3315 7815
3316 7816
3317 7817
3318 7818
3319 7819
3320 7820
3321 7821
3322 7822
3323 7823
3324 7824
3325 7825
3326 7826
3327 7827
3328 7828
3329 7829
3330 7830
3331 7831
3332 7832
3333 7833
3334 7834
3335 7835
3336 7836
3337 7837
3338 7838
3339 7839
3340 7840
3341 7841
3342 7842
3343 7843
3344 7844
3345 7845
3346 7846
3347 7847
3348 7848
3349 7849
3350 7850
3351 7851
3352 7852
3353 7853
3354 7854
3355 7855
3356 7856
3357 7857
3358 7858
3359 7859
3360 7860
3361 7861
3362 7862
3363 7863
3364 7864
3365 7865
3366 7866
3367 7867
3368 7868
3369 7869
3370 7870
3371 7871
3372 7872
3373 7873
3374 7874
3375 7875
3376 7876
3377 7877
3378 7878
3379 7879
3380 7880
3381 7881
3382 7882
3383 7883
3384 7884
3385 7885
3386 7886
3387 7887
3388 7888
3389 7889
3390 7890
3391 7891
3392 7892
3393 7893
3394 7894
3395 7895
3396 7896
3397 7897
3398 7898
3399 7899
3400 7900
3401 7901
3402 7902
3403 7903
3404 7904
3405 7905
3406 7906
3407 7907
3408 7908
3409 7909
3410 7910
3411 7911
3412 7912
3413 7913
3414 7914
3415 7915
3416 7916
3417 7917
3418 7918
3419 7919
3420 7920
3421 7921
3422 7922
3423 7923
3424 7924
3425 7925
3426 7926
3427 7927
3428 7928
3429 7929
3430 7930
3431 7931
3432 7932
3433 7933
3434 7934
3435 7935
3436 7936
3437 7937
3438 7938
3439 7939
3440 7940
3441 7941
3442 7942
3443 7943
3444 7944
3445 7945
3446 7946
3447 7947
3448 7948
3449 7949
3450 7950
3451 7951
3452 7952
3453 7953
3454 7954
3455 7955
3456 7956
3457 7957
3458 7958
3459 7959
3460 7960
3461 7961
3462 7962
3463 7963
3464 7964
3465 7965
3466 7966
3467 7967
3468 7968
3469 7969
3470 7970
3471 7971
3472 7972
3473 7973
3474 7974
3475 7975
3476 7976
3477 7977
3478 7978
3479 7979
3480 7980
3481 7981
3482 7982
3483 7983
3484 7984
3485 7985
3486 7986
3487 7987
3488 7988
3489 7989
3490 7990
3491 7991
3492 7992
3493 7993
3494 7994
3495 7995
3496 7996
3497 7997
3498 7998
3499 7999
3500 8000
3501 8001
3502 8002
3503 8003
3504 8004
3505 8005
3506 8006
3507 8007
3508 8008
3509 8009
3510 8010
3511 8011
3512 8012
3513 8013
3514 8014
3515 8015
3516 8016
3517 8017
3518 8018
3519 8019
3520 8020
3521 8021
3522 8022
3523 8023
3524 8024
3525 8025
3526 8026
3527 8027
3528 8028
3529 8029
3530 8030
3531 8031
3532 8032
3533 8033
3534 8034
3535 8035
3536 8036
3537 8037
3538 8038
3539 8039
3540 8040
3541 8041
3542 8042
3543 8043
3544 8044
3545 8045
3546 8046
3547 8047
3548 8048
3549 8049
3550 8050
3551 8051
3552 8052
3553 8053
3554 8054
3555 8055
3556 8056
3557 8057
3558 8058
3559 8059
3560 8060
3561 8061
3562 8062
3563 8063
3564 8064
3565 8065
3566 8066
3567 8067
3568 8068
3569 8069
3570 8070
3571 8071
3572 8072
3573 8073
3574 8074
3575 8075
3576 8076
3577 8077
3578 8078
3579 8079
3580 8080
3581 8081
3582 8082
3583 8083
3584 8084
3585 8085
3586 8086
3587 8087
3588 8088
3589 8089
3590 8090
3591 8091
3592 8092
3593 8093
3594 8094
3595 8095
3596 8096
3597 8097
3598 8098
3599 8099
3600 8100
3601 8101
3602 8102
3603 8103
3604 8104
3605 8105
3606 8106
3607 8107
3608 8108
3609 8109
3610 8110
3611 8111
3612 8112
3613 8113
3614 8114
3615 8115
3616 8116
3617 8117
3618 8118
3619 8119
3620 8120
3621 8121
3622 8122
3623 8123
3624 8124
3625 8125
3626 8126
3627 8127
3628 8128
3629 8129
3630 8130
3631 8131
3632 8132
3633 8133
3634 8134
3635 8135
3636 8136
3637 8137
3638 8138
3639 8139
3640 8140
3641 8141
3642 8142
3643 8143
3644 8144
3645 8145
3646 8146
3647 8147
3648 8148
3649 8149
3650 8150
3651 8151
3652 8152
3653 8153
3654 8154
3655 8155
3656 8156
3657 8157
3658 8158
3659 8159
3660 8160
3661 8161
3662 8162
3663 8163
3664 8164
3665 8165
3666 8166
3667 8167
3668 8168
3669 8169
3670 8170
3671 8171
3672 8172
3673 8173
3674 8174
3675 8175
3676 8176
3677 8177
3678 8178
3679 8179
3680 8180
3681 8181
3682 8182
3683 8183
3684 8184
3685 8185
3686 8186
3687 8187
3688 8188
3689 8189
3690 8190
3691 8191
3692 8192
3693 8193
3694 8194
3695 8195
3696 8196
3697 8197
3698 8198
3699 8199
3700 8200
3701 8201
3702 8202
3703 8203
3704 8204
3705 8205
3706 8206
3707 8207
3708 8208
3709 8209
3710 8210
3711 8211
3712 8212
3713 8213
3714 8214
3715 8215
3716 8216
3717 8217
3718 8218
3719 8219
3720 8220
3721 8221
3722 8222
3723 8223
3724 8224
3725 8225
3726 8226
3727 8227
3728 8228
3729 8229
3730 8230
3731 8231
3732 8232
3733 8233
3734 8234
3735 8235
3736 8236
3737 8237
3738 8238
3739 8239
3740 8240
3741 8241
3742 8242
3743 8243
3744 8244
3745 8245
3746 8246
3747 8247
3748 8248
3749 8249
3750 8250
3751 8251
3752 8252
3753 8253
3754 8254
3755 8255
3756 8256
3757 8257
3758 8258
3759 8259
3760 8260
3761 8261
3762 8262
3763 8263
3764 8264
3765 8265
3766 8266
3767 8267
3768 8268
3769 8269
3770 8270
3771 8271
3772 8272
3773 8273
3774 8274
3775 8275
3776 8276
3777 8277
3778 8278
3779 8279
3780 8280
3781 8281
3782 8282
3783 8283
3784 8284
3785 8285
3786 8286
3787 8287
3788 8288
3789 8289
3790 8290
3791 8291
3792 8292
3793 8293
3794 8294
3795 8295
3796 8296
3797 8297
3798 8298
3799 8299
3800 8300
3801 8301
3802 8302
3803 8303
3804 8304
3805 8305
3806 8306
3807 8307
3808 8308
3809 8309
3810 8310
3811 8311
3812 8312
3813 8313
3814 8314
3815 8315
3816 8316
3817 8317
3818 8318
3819 8319
3820 8320
3821 8321
3822 8322
3823 8323
3824 8324
3825 8325
3826 8326
3827 8327
3828 8328
3829 8329
3830 8330
3831 8331
3832 8332
3833 8333
3834 8334
3835 8335
3836 8336
3837 8337
3838 8338
3839 8339
3840 8340
3841 8341
3842 8342
3843 8343
3844 8344
3845 8345
3846 8346
3847 8347
3848 8348
3849 8349
3850 8350
3851 8351
3852 8352
3853 8353
3854 8354
3855 8355
3856 8356
3857 8357
3858 8358
3859 8359
3860 8360
3861 8361
3862 8362
3863 8363
3864 8364
3865 8365
3866 8366
3867 8367
3868 8368
3869 8369
3870 8370
3871 8371
3872 8372
3873 8373
3874 8374
3875 8375
3876 8376
3877 8377
3878 8378
3879 8379
3880 8380
3881 8381
3882 8382
3883 8383
3884 8384
3885 8385
3886 8386
3887 8387
3888 8388
3889 8389
3890 8390
3891 8391
3892 8392
3893 8393
3894 8394
3895 8395
3896 8396
3897 8397
3898 8398
3899 8399
3900 8400
3901 8401
3902 8402
3903 8403
3904 8404
3905 8405
3906 8406
3907 8407
3908 8408
3909 8409
3910 8410
3911 8411
3912 8412
3913 8413
3914 8414
3915 8415
3916 8416
3917 8417
3918 8418
3919 8419
3920 8420
3921 8421
3922 8422
3923 8423
3924 8424
3925 8425
3926 8426
3927 8427
3928 8428
3929 8429
3930 8430
3931 8431
3932 8432
3933 8433
3934 8434
3935 8435
3936 8436
3937 8437
3938 8438
3939 8439
3940 8440
3941 8441
3942 8442
3943 8443
3944 8444
3945 8445
3946 8446
3947 8447
3948 8448
3949 8449
3950 8450
3951 8451
3952 8452
3953 8453
3954 8454
3955 8455
3956 8456
3957 8457
3958 8458
3959 8459
3960 8460
3961 8461
3962 8462
3963 8463
3964 8464
3965 8465
3966 8466
3967 8467
3968 8468
3969 8469
3970 8470
3971 8471
3972 8472
3973 8473
3974 8474
3975 8475
3976 8476
3977 8477
3978 8478
3979 8479
3980 8480
3981 8481
3982 8482
3983 8483
3984 8484
3985 8485
3986 8486
3987 8487
3988 8488
3989 8489
3990 8490
3991 8491
3992 8492
3993 8493
3994 8494
3995 8495
3996 8496
3997 8497
3998 8498
3999 8499
4000 8500
4001 8501
4002 8502
4003 8503
4004 8504
4005 8505
4006 8506
4007 8507
4008 8508
4009 8509
4010 8510
4011 8511
4012 8512
4013 8513
4014 8514
4015 8515
4016 8516
4017 8517
4018 8518
4019 8519
4020 8520
4021 8521
4022 8522
4023 8523
4024 8524
4025 8525
4026 8526
4027 8527
4028 8528
4029 8529
4030 8530
4031 8531
4032 8532
4033 8533
4034 8534
4035 8535
4036 8536
4037 8537
4038 8538
4039 8539
4040 8540
4041 8541
4042 8542
4043 8543
4044 8544
4045 8545
4046 8546
4047 8547
4048 8548
4049 8549
4050 8550
4051 8551
4052 8552
4053 8553
4054 8554
4055 8555
4056 8556
4057 8557
4058 8558
4059 8559
4060 8560
4061 8561
4062 8562
4063 8563
4064 8564
4065 8565
4066 8566
4067 8567
4068 8568
4069 8569
4070 8570
4071 8571
4072 8572
4073 8573
4074 8574
4075 8575
4076 8576
4077 8577
4078 8578
4079 8579
4080 8580
4081 8581
4082 8582
4083 8583
4084 8584
4085 8585
4086 8586
4087 8587
4088 8588
4089 8589
4090 8590
4091 8591
4092 8592
4093 8593
4094 8594
4095 8595
4096 8596
4097 8597
4098 8598
4099 8599
4100 8600
4101 8601
4102 8602
4103 8603
4104 8604
4105 8605
4106 8606
4107 8607
4108 8608
4109 8609
4110 8610
4111 8611
4112 8612
4113 8613
4114 8614
4115 8615
4116 8616
4117 8617
4118 8618
4119 8619
4120 8620
4121 8621
4122 8622
4123 8623
4124 8624
4125 8625
4126 8626
4127 8627
4128 8628
4129 8629
4130 8630
4131 8631
4132 8632
4133 8633
4134 8634
4135 8635
4136 8636
4137 8637
4138 8638
4139 8639
4140 8640
4141 8641
4142 8642
4143 8643
4144 8644
4145 8645
4146 8646
4147 8647
4148 8648
4149 8649
4150 8650
4151 8651
4152 8652
4153 8653
4154 8654
4155 8655
4156 8656
4157 8657
4158 8658
4159 8659
4160 8660
4161 8661
4162 8662
4163 8663
4164 8664
4165 8665
4166 8666
4167 8667
4168 8668
4169 8669
4170 8670
4171 8671
4172 8672
4173 8673
4174 8674
4175 8675
4176 8676
4177 8677
4178 8678
4179 8679
4180 8680
4181 8681
4182 8682
4183 8683
4184 8684
4185 8685
4186 8686
4187 8687
4188 8688
4189 8689
4190 8690
4191 8691
4192 8692
4193 8693
4194 8694
4195 8695
4196 8696
4197 8697
4198 8698
4199 8699
4200 8700
4201 8701
4202 8702
4203 8703
4204 8704
4205 8705
4206 8706
4207 8707
4208 8708
4209 8709
4210 8710
4211 8711
4212 8712
4213 8713
4214 8714
4215 8715
4216 8716
4217 8717
4218 8718
4219 8719
4220 8720
4221 8721
4222 8722
4223 8723
4224 8724
4225 8725
4226 8726
4227 8727
4228 8728
4229 8729
4230 8730
4231 8731
4232 8732
4233 8733
4234 8734
4235 8735
4236 8736
4237 8737
4238 8738
4239 8739
4240 8740
4241 8741
4242 8742
4243 8743
4244 8744
4245 8745
4246 8746
4247 8747
4248 8748
4249 8749
4250 8750
4251 8751
4252 8752
4253 8753
4254 8754
4255 8755
4256 8756
4257 8757
4258 8758
4259 8759
4260 8760
4261 8761
4262 8762
4263 8763
4264 8764
4265 8765
4266 8766
4267 8767
4268 8768
4269 8769
4270 8770
4271 8771
4272 8772
4273 8773
4274 8774
4275 8775
4276 8776
4277 8777
4278 8778
4279 8779
4280 8780
4281 8781
4282 8782
4283 8783
4284 8784
4285 8785
4286 8786
4287 8787
4288 8788
4289 8789
4290 8790
4291 8791
4292 8792
4293 8793
4294 8794
4295 8795
4296 8796
4297 8797
4298 8798
4299 8799
4300 8800
4301 8801
4302 8802
4303 8803
4304 8804
4305 8805
4306 8806
4307 8807
4308 8808
4309 8809
4310 8810
4311 8811
4312 8812
4313 8813
4314 8814
4315 8815
4316 8816
4317 8817
4318 8818
4319 8819
4320 8820
4321 8821
4322 8822
4323 8823
4324 8824
4325 8825
4326 8826
4327 8827
4328 8828
4329 8829
4330 8830
4331 8831
4332 8832
4333 8833
4334 8834
4335 8835
4336 8836
4337 8837
4338 8838
4339 8839
4340 8840
4341 8841
4342 8842
4343 8843
4344 8844
4345 8845
4346 8846
4347 8847
4348 8848
4349 8849
4350 8850
4351 8851
4352 8852
4353 8853
4354 8854
4355 8855
4356 8856
4357 8857
4358 8858
4359 8859
4360 8860
4361 8861
4362 8862
4363 8863
4364 8864
4365 8865
4366 8866
4367 8867
4368 8868
4369 8869
4370 8870
4371 8871
4372 8872
4373 8873
4374 8874
4375 8875
4376 8876
4377 8877
4378 8878
4379 8879
4380 8880
4381 8881
4382 8882
4383 8883
4384 8884
4385 8885
4386 8886
4387 8887
4388 8888
4389 8889
4390 8890
4391 8891
4392 8892
4393 8893
4394 8894
4395 8895
4396 8896
4397 8897
4398 8898
4399 8899
4400 8900
4401 8901
4402 8902
4403 8903
4404 8904
4405 8905
4406 8906
4407 8907
4408 8908
4409 8909
4410 8910
4411 8911
4412 8912
4413 8913
4414 8914
4415 8915
4416 8916
4417 8917
4418 8918
4419 8919
4420 8920
4421 8921
4422 8922
4423 8923
4424 8924
4425 8925
4426 8926
4427 8927
4428 8928
4429 8929
4430 8930
4431 8931
4432 8932
4433 8933
4434 8934
4435 8935
4436 8936
4437 8937
4438 8938
4439 8939
4440 8940
4441 8941
4442 8942
4443 8943
4444 8944
4445 8945
4446 8946
4447 8947
4448 8948
4449 8949
4450 8950
4451 8951
4452 8952
4453 8953
4454 8954
4455 8955
4456 8956
4457 8957
4458 8958
4459 8959
4460 8960
4461 8961
4462 8962
4463 8963
4464 8964
4465 8965
4466 8966
4467 8967
4468 8968
4469 8969
4470 8970
4471 8971
4472 8972
4473 8973
4474 8974
4475 8975
4476 8976
4477 8977
4478 8978
4479 8979
4480 8980
4481 8981
4482 8982
4483 8983
4484 8984
4485 8985
4486 8986
4487 8987
4488 8988
4489 8989
4490 8990
4491 8991
4492 8992
4493 8993
4494 8994
4495 8995
4496 8996
4497 8997
4498 8998
4499 8999
