1000 5000
240 703
228 896
985 543
118 474
485 333
310 405
827 681
265 1
890 615
50 437
378 816
181 967
114 109
989 897
607 515
754 557
57 546
508 702
439 649
437 954
850 792
104 541
781 617
486 524
257 253
968 535
8 928
825 982
113 613
859 454
259 397
299 474
988 230
474 724
569 859
443 759
497 533
856 133
100 612
630 551
752 62
590 555
792 591
855 242
414 743
235 814
93 896
963 116
555 298
819 461
665 933
265 105
501 532
388 711
90 503
255 867
642 243
18 267
961 42
757 915
375 250
880 845
451 626
39 600
345 733
112 812
316 606
495 770
469 784
528 801
532 558
201 271
261 475
712 2
550 236
996 696
451 590
311 596
571 963
316 670
125 922
646 244
721 978
719 577
734 185
464 342
72 708
644 877
292 379
846 680
171 709
438 495
849 41
197 639
941 800
196 240
379 978
732 544
102 494
450 294
706 301
305 218
256 955
874 926
221 115
977 471
66 799
549 924
149 805
341 64
321 423
178 746
18 77
451 19
6 872
70 850
51 151
628 189
620 236
132 740
311 834
739 183
307 133
545 231
157 495
850 956
665 993
640 639
44 159
843 859
811 98
422 62
850 659
333 657
49 606
750 472
328 520
222 833
249 39
403 302
746 218
190 305
192 220
75 4
692 760
542 740
503 996
548 519
12 586
710 908
602 35
245 927
261 648
251 601
803 637
897 27
466 998
714 50
225 164
608 157
890 600
915 633
115 540
673 255
717 76
251 165
749 57
874 390
97 320
479 128
243 792
420 202
462 882
886 274
293 95
14 632
313 63
865 519
994 741
131 865
506 965
354 499
240 16
347 726
268 401
55 187
175 355
831 607
331 354
666 608
179 370
478 105
716 503
591 73
793 234
991 640
618 902
695 470
16 474
359 584
733 901
188 102
137 53
608 602
420 745
54 321
654 313
945 100
789 375
893 827
616 612
978 542
981 656
229 602
439 537
134 963
372 173
468 348
240 119
527 92
96 980
306 463
3 701
390 640
695 648
741 118
386 384
384 956
125 209
145 977
577 454
22 48
481 463
199 314
696 287
501 798
464 261
105 676
88 183
706 308
680 325
540 856
51 144
695 874
600 947
597 391
847 332
966 417
133 709
127 745
398 703
144 381
561 344
516 43
125 86
970 54
731 681
523 496
542 86
638 47
926 583
98 944
627 873
694 147
87 296
919 673
532 922
314 676
853 196
0 247
866 898
99 584
73 918
804 664
257 590
677 645
878 561
165 376
222 663
84 203
889 663
743 322
74 442
918 877
318 330
562 951
333 573
414 189
688 655
517 670
924 387
283 359
931 963
639 969
401 979
224 397
46 131
870 552
631 104
20 483
871 983
894 960
555 529
491 355
386 755
787 357
144 230
132 114
180 40
207 553
199 73
464 578
858 49
654 866
757 759
546 251
200 756
339 11
217 226
660 283
39 456
377 303
169 210
865 632
417 171
719 415
981 770
306 510
476 248
480 757
608 499
539 409
530 257
907 578
528 554
800 858
145 967
116 399
273 554
620 252
247 603
362 755
584 604
954 676
194 958
14 143
928 710
6 168
457 753
763 258
598 66
564 962
595 917
553 479
424 690
806 693
329 774
149 240
708 534
827 701
256 807
256 304
645 333
768 710
458 293
130 562
254 802
841 9
580 837
889 865
85 564
233 271
651 617
438 271
220 224
267 886
272 598
683 686
412 573
156 61
73 753
517 702
61 746
544 685
269 333
41 711
660 576
859 586
691 368
589 242
47 97
747 710
303 384
337 164
117 554
780 134
834 694
592 207
466 674
816 662
648 11
8 403
288 580
761 813
849 255
293 709
731 891
298 309
659 429
459 786
599 111
18 287
100 966
245 314
335 237
567 387
727 104
128 538
95 678
785 238
966 295
434 603
650 500
560 604
557 422
263 184
124 92
196 964
661 2
330 899
226 640
731 85
89 772
774 315
851 419
896 251
43 944
563 794
222 57
386 357
520 926
950 282
655 740
440 901
879 996
589 522
734 295
757 637
724 994
810 604
147 631
612 243
292 954
657 15
927 345
579 801
836 92
902 591
942 59
796 969
519 110
783 128
445 937
363 912
890 48
633 442
249 291
558 381
481 950
76 685
165 371
838 525
897 666
473 802
272 22
577 492
331 984
27 900
704 840
767 635
328 529
925 236
919 32
623 540
218 285
463 995
596 336
138 162
955 673
93 709
407 439
827 974
646 952
16 346
565 522
750 160
699 905
660 299
163 505
316 235
680 951
270 239
451 667
327 725
250 674
83 853
34 374
390 444
525 296
638 809
408 201
362 657
427 463
69 634
0 596
728 686
17 538
220 820
144 317
461 523
198 955
999 423
351 545
45 130
711 374
618 479
493 872
58 486
193 681
788 539
818 712
216 32
772 668
343 253
180 255
528 370
872 245
201 335
800 274
311 261
741 520
553 726
756 940
784 232
535 531
992 996
697 292
199 610
100 321
941 547
734 811
431 976
7 451
622 261
491 382
190 227
714 863
102 583
961 630
158 722
736 927
935 470
833 989
402 622
452 907
267 399
331 604
304 744
755 829
244 157
532 810
896 67
942 878
552 253
927 205
916 924
286 781
369 274
849 633
555 670
850 903
819 574
109 253
65 504
537 765
504 776
131 910
441 373
503 847
866 44
458 177
792 288
17 331
959 102
157 611
759 780
364 789
974 891
334 921
567 636
113 983
23 232
804 532
217 84
91 155
720 841
576 285
622 947
371 719
590 583
802 150
282 238
49 822
42 466
645 464
900 910
123 19
872 131
737 626
665 77
390 439
233 656
933 89
381 366
820 399
142 164
322 745
691 981
788 461
663 556
285 865
595 279
200 288
638 260
796 899
62 999
970 438
164 526
809 345
705 237
971 508
919 955
807 94
30 592
111 5
474 134
170 341
985 211
131 955
330 314
809 909
460 813
860 3
730 312
592 335
327 388
780 782
381 658
604 717
971 499
319 417
7 878
218 495
752 177
307 818
827 802
745 574
100 154
430 232
649 457
147 396
325 154
295 241
433 48
853 600
550 686
591 727
41 553
627 695
148 76
613 524
253 874
140 394
11 313
941 443
841 491
688 124
963 343
758 6
801 788
594 289
726 719
641 988
604 449
113 485
285 835
784 340
748 145
96 806
724 88
189 853
943 52
905 442
132 857
695 639
626 660
744 350
771 375
820 913
295 581
797 633
614 83
217 328
523 532
513 970
6 711
503 310
602 314
963 876
938 430
794 186
781 803
201 776
373 460
648 804
71 94
494 979
358 74
827 107
533 814
358 508
359 758
779 793
498 514
416 1
900 897
69 951
598 816
516 327
595 266
76 69
839 473
706 466
68 149
492 978
625 498
426 880
891 348
562 70
475 518
591 939
567 239
243 798
756 510
87 333
649 341
870 353
518 703
346 879
21 806
865 488
754 583
526 735
169 264
702 82
656 364
589 340
606 448
14 13
178 723
865 874
677 526
773 611
890 596
417 745
405 595
863 214
286 825
696 560
757 846
274 677
989 903
995 364
786 642
143 205
890 256
800 147
842 31
462 894
18 511
691 908
272 184
659 368
311 623
176 128
319 415
806 18
554 482
99 102
676 177
219 923
8 726
461 832
914 709
671 883
730 662
357 705
371 184
484 100
678 776
197 62
661 589
767 492
588 571
240 484
539 296
892 299
780 61
220 84
222 160
9 413
132 745
985 251
182 664
60 960
694 75
975 669
482 777
617 301
735 782
381 636
428 400
885 899
983 449
594 706
81 811
535 382
204 759
52 73
573 898
303 248
695 644
146 426
110 756
614 481
158 752
531 304
401 340
939 239
856 456
103 591
902 382
188 485
431 85
201 307
636 203
187 923
285 38
946 518
55 326
176 493
937 15
50 494
189 705
917 711
687 559
111 401
677 447
542 948
778 86
117 429
849 696
16 486
372 816
950 667
114 687
690 325
186 803
13 700
808 87
511 675
888 455
133 941
361 844
575 460
577 188
172 878
845 232
263 715
468 643
332 639
120 908
699 687
369 513
989 596
821 867
328 882
944 692
591 662
745 630
717 881
683 496
377 960
883 544
13 415
711 317
397 863
506 566
225 878
990 976
217 677
722 808
601 939
115 505
917 617
144 124
55 19
223 356
522 797
323 533
228 626
501 866
624 958
468 448
698 722
952 791
712 298
584 107
929 669
127 273
704 631
718 822
92 414
873 92
672 618
659 894
607 767
890 883
649 337
400 621
747 661
803 737
389 169
915 25
278 640
316 83
137 255
562 982
222 329
415 458
963 355
935 726
105 869
499 200
97 681
837 938
415 931
715 12
928 468
829 122
637 340
632 594
779 449
306 427
313 887
91 171
114 486
38 57
712 642
247 995
293 681
32 246
113 151
737 826
552 234
239 63
305 627
25 466
59 289
503 985
661 288
769 953
885 510
615 882
304 592
985 513
543 47
703 649
192 133
611 958
216 222
389 194
986 183
470 73
211 391
997 922
306 564
121 946
394 964
513 28
993 172
375 589
664 804
67 216
818 462
421 389
139 596
464 881
452 381
912 925
144 85
609 313
259 422
478 978
766 356
418 897
312 389
416 869
327 217
887 787
857 584
286 720
51 1
64 51
815 435
374 212
475 590
934 114
286 681
618 400
610 232
310 898
128 176
969 46
347 673
412 327
70 9
368 534
52 920
670 33
696 528
1 395
96 511
136 749
660 699
906 718
509 819
994 222
224 629
309 132
71 289
882 33
717 892
935 581
74 278
249 638
941 52
313 643
794 381
91 663
30 768
89 48
113 604
993 373
123 936
821 97
954 634
596 353
406 442
703 13
197 403
734 201
824 700
788 867
248 893
333 542
968 518
330 640
989 685
506 929
544 719
785 96
389 434
679 742
7 997
168 495
851 209
970 487
746 785
642 133
348 300
566 978
84 656
156 803
551 195
574 357
217 874
883 445
201 757
536 505
524 457
526 517
145 793
437 966
45 147
357 429
737 341
451 212
11 936
254 950
663 74
792 957
841 983
973 598
800 882
520 237
552 115
661 34
310 644
308 943
36 820
50 921
964 567
224 28
125 655
122 145
417 638
123 241
13 355
913 281
395 303
857 342
519 945
429 129
59 642
596 952
222 609
470 565
47 885
976 526
15 125
341 42
419 512
173 596
364 571
737 494
798 146
478 444
30 577
671 784
592 22
448 72
350 451
598 100
189 108
571 16
985 158
401 428
18 714
576 522
377 939
835 728
820 594
443 536
191 194
980 476
267 104
697 816
310 49
548 203
180 12
998 0
173 91
119 898
754 909
523 676
957 606
656 351
402 800
589 899
79 320
495 686
921 396
200 450
567 6
818 669
325 517
358 795
948 712
122 164
376 809
336 661
734 525
582 836
187 870
271 50
565 269
249 200
456 463
328 705
272 447
909 3
148 550
693 930
295 990
591 26
417 997
878 543
50 405
483 425
638 456
511 0
537 835
349 975
839 431
74 256
84 801
253 104
447 288
750 386
364 728
238 175
978 171
971 178
702 39
222 918
192 956
483 552
290 359
744 185
647 718
765 893
108 254
286 305
964 13
490 303
505 574
15 909
42 431
731 397
659 471
959 417
445 307
872 620
24 820
71 159
312 297
340 873
900 497
788 882
28 751
823 688
995 678
973 61
201 137
758 788
879 599
103 976
398 807
297 913
474 700
423 223
57 749
632 473
910 656
109 378
984 657
504 630
826 545
25 158
90 288
615 366
595 981
29 798
83 358
791 410
913 729
467 899
407 220
407 377
812 742
838 231
165 679
131 79
311 991
520 398
452 630
845 921
715 263
503 995
959 836
18 853
345 278
708 16
33 40
22 358
141 186
727 852
388 9
125 472
508 66
195 926
641 722
924 239
439 786
73 870
413 245
423 519
790 226
107 269
805 534
390 433
585 317
722 368
793 993
757 71
245 304
659 712
304 679
399 487
947 260
928 790
960 164
728 175
897 9
390 194
205 754
987 767
320 903
314 296
599 832
812 236
883 318
121 34
384 6
663 936
442 984
590 198
859 571
604 498
360 395
140 936
490 290
725 92
204 16
659 87
587 517
291 554
762 249
155 55
624 942
576 595
610 899
132 38
784 166
27 298
756 473
892 637
683 545
871 162
711 494
475 775
897 933
572 682
849 704
47 641
399 558
458 257
248 806
466 703
82 647
2 458
172 596
991 553
15 19
326 612
426 518
864 753
723 233
418 303
236 837
875 694
77 169
879 757
108 671
205 816
47 816
54 637
11 388
669 282
297 188
780 210
962 558
517 834
559 5
93 292
37 881
635 300
918 273
726 940
421 441
376 207
559 453
211 588
20 170
533 216
648 252
620 601
106 792
66 706
619 856
156 395
275 775
916 697
409 573
773 830
508 778
409 759
817 370
123 689
774 857
644 284
36 306
682 394
17 405
765 225
156 393
100 419
713 32
23 509
601 733
188 401
75 84
241 184
358 304
326 32
911 915
585 931
788 995
772 308
404 588
86 171
474 108
484 413
795 972
940 488
337 697
358 829
481 104
864 284
184 364
111 382
480 770
123 885
418 987
489 721
689 830
334 818
565 864
926 353
751 555
450 829
751 653
158 641
17 760
90 260
836 472
666 169
269 700
838 342
586 343
799 363
392 258
659 551
433 521
348 706
662 566
205 602
939 124
804 102
368 486
978 538
200 693
187 385
718 645
11 401
858 701
481 538
391 558
161 936
756 289
215 757
114 232
338 344
12 909
387 534
780 260
903 452
14 40
255 484
780 110
573 183
790 756
558 205
960 47
867 196
183 479
366 451
334 235
522 633
743 319
443 637
877 611
167 474
59 874
373 717
268 813
208 589
955 864
123 657
23 248
709 161
568 115
133 454
270 436
186 948
611 136
495 519
941 127
315 325
942 134
847 834
35 998
944 198
446 610
455 984
354 984
620 149
241 942
337 371
980 279
202 704
387 183
892 260
62 647
674 118
514 590
568 607
168 315
123 465
624 263
852 154
131 309
995 795
86 450
423 756
857 322
182 31
574 238
155 713
378 283
945 518
706 93
938 232
977 619
403 628
936 886
161 268
936 471
140 827
707 636
532 533
783 592
992 193
848 890
50 677
947 206
693 78
898 108
960 0
920 581
146 765
835 809
753 395
352 439
555 727
37 769
164 572
565 869
241 771
576 194
560 838
538 934
625 679
562 397
202 342
277 292
937 928
781 895
555 70
99 404
682 946
438 414
117 2
567 899
47 184
520 577
216 204
828 782
46 185
488 399
240 342
378 983
20 11
893 801
463 637
857 494
155 318
77 60
268 961
412 880
752 206
840 782
433 969
752 136
228 922
210 107
689 23
966 867
160 79
910 427
206 44
118 385
754 867
561 769
899 217
636 254
423 630
425 163
547 814
372 8
192 649
199 688
143 111
823 953
712 799
199 204
964 231
628 417
797 618
418 72
260 510
805 559
915 96
477 473
832 720
111 262
78 227
360 473
699 648
395 458
80 180
445 770
655 883
375 980
97 275
540 90
815 340
713 378
121 153
888 77
567 247
457 426
1 192
832 126
241 636
881 243
518 609
455 162
760 668
864 805
929 496
184 672
771 336
358 31
112 160
710 546
564 467
358 409
125 516
765 786
271 197
801 668
868 331
337 849
633 5
758 445
114 836
947 297
278 426
805 135
895 865
941 150
937 277
427 819
978 379
172 849
209 979
466 206
277 759
566 574
137 671
216 676
819 428
68 293
725 834
837 542
382 428
192 354
656 379
210 679
42 629
509 164
880 821
869 311
76 15
564 833
936 579
577 519
376 554
342 671
285 156
332 527
627 246
660 114
627 885
461 424
570 946
739 183
919 530
215 787
843 725
713 931
991 402
141 847
548 878
487 376
724 111
284 909
326 241
814 664
268 661
541 514
346 880
719 869
616 176
748 293
470 525
920 811
209 884
720 997
111 436
595 833
67 753
26 301
487 693
253 917
298 911
864 41
135 984
708 265
19 328
659 424
215 694
460 564
566 497
959 394
439 504
14 112
86 436
869 648
709 695
498 95
337 467
650 390
310 880
615 306
224 895
564 193
223 488
71 578
75 615
627 715
267 566
846 818
630 503
434 273
80 305
702 85
652 120
814 338
691 688
234 147
391 20
659 152
423 634
933 552
483 972
17 601
288 890
302 390
287 994
455 196
74 251
421 470
602 241
935 990
874 533
141 745
525 126
723 262
913 666
245 392
336 656
485 859
970 645
283 510
248 563
802 80
414 40
784 713
570 127
3 107
511 743
794 797
701 349
426 108
807 137
51 140
946 848
963 853
578 591
83 289
20 698
543 65
856 534
160 686
804 101
260 66
166 696
931 466
495 706
801 421
734 968
488 933
925 315
259 742
13 731
334 340
887 248
559 656
747 427
127 506
418 83
284 684
330 275
909 782
127 7
5 726
327 844
698 329
822 814
875 755
328 434
882 903
814 691
331 205
576 891
956 440
905 362
615 138
26 108
861 148
265 432
794 60
560 306
286 798
557 305
652 865
710 393
963 83
894 484
903 458
228 980
154 137
377 853
665 252
560 287
593 585
518 917
872 389
635 364
100 87
956 581
582 64
390 170
787 698
193 660
491 821
607 786
531 86
751 806
709 351
380 573
762 527
876 802
377 250
519 529
356 299
160 607
899 475
284 856
672 929
746 793
353 876
722 659
297 207
495 611
912 355
890 605
995 667
141 625
172 784
985 481
315 88
357 589
460 809
404 102
491 142
321 649
925 222
9 868
703 610
536 565
257 83
796 715
543 707
520 234
721 701
150 722
942 369
897 230
353 9
329 383
680 203
424 794
58 621
399 315
932 720
974 410
294 824
987 35
644 284
309 630
260 738
476 529
890 938
581 714
321 234
284 301
524 312
307 164
354 757
605 66
195 29
881 608
733 82
973 824
353 521
657 127
511 547
527 644
636 716
761 821
991 173
45 772
661 645
447 954
632 29
470 57
830 37
496 144
710 598
885 222
245 719
844 154
990 614
374 836
417 78
233 206
659 672
45 927
307 809
145 100
397 871
163 187
774 148
193 901
796 110
606 819
861 415
744 668
80 61
632 321
454 429
812 411
32 212
425 690
15 464
887 295
170 222
583 847
562 230
392 14
755 224
395 900
501 804
193 773
433 239
134 402
849 190
173 997
697 88
137 240
861 140
990 145
598 119
500 99
456 834
796 756
848 470
111 74
833 82
663 246
927 500
134 150
804 202
761 708
493 40
956 958
52 466
504 303
867 567
145 549
85 931
411 774
372 540
201 575
276 820
596 161
25 755
644 248
832 369
886 236
362 895
506 594
865 399
489 237
497 374
895 494
968 667
940 382
272 496
741 60
402 236
606 326
718 643
770 869
59 280
256 345
112 467
170 706
630 611
679 484
276 391
595 206
320 65
167 232
532 30
528 230
351 16
837 316
409 451
563 424
198 107
884 96
133 936
685 391
232 617
301 522
405 275
546 586
787 269
183 312
585 515
290 695
209 691
879 498
404 418
427 500
288 9
989 222
546 272
988 898
124 221
664 342
674 914
161 382
314 362
746 963
822 641
161 888
218 202
628 546
132 510
428 531
288 716
67 567
432 498
109 919
242 881
628 835
745 754
610 992
884 690
984 224
311 177
38 930
96 29
209 476
427 230
315 940
138 980
83 237
586 311
409 109
585 740
151 6
670 493
441 501
107 826
246 742
439 188
327 306
452 901
284 349
848 781
342 959
576 496
365 684
554 816
815 77
864 893
512 830
609 826
980 174
907 415
524 430
801 953
578 595
798 59
785 413
683 932
629 885
785 865
494 142
929 756
544 857
467 486
569 519
621 813
498 244
223 356
576 608
343 92
234 99
437 83
359 118
427 396
197 729
123 352
968 361
42 831
809 673
775 407
726 847
265 280
8 986
37 825
924 364
732 79
814 740
981 747
351 138
552 415
392 903
667 204
293 887
746 108
913 68
397 911
346 210
893 775
365 910
701 942
994 10
113 685
944 873
590 554
44 569
876 164
68 150
945 856
863 875
14 854
32 573
891 816
711 606
987 462
524 674
200 187
410 745
991 344
425 848
83 166
11 454
769 635
940 999
368 733
570 459
968 463
487 694
939 435
67 968
809 420
237 88
181 775
67 967
930 448
799 260
694 644
100 698
762 366
106 548
783 112
718 749
371 522
491 83
183 578
133 827
483 720
510 46
886 23
766 205
542 710
557 284
576 440
975 471
717 672
497 116
76 123
194 377
0 722
939 125
506 383
105 744
792 29
866 673
901 139
337 765
613 283
857 683
353 228
606 854
990 35
293 960
509 10
465 757
380 975
343 660
117 964
886 356
391 708
772 75
190 47
876 312
176 9
251 767
751 231
974 475
249 614
627 493
813 335
727 178
159 325
22 943
835 871
575 830
909 605
917 392
867 54
678 433
830 846
240 896
656 550
776 830
178 24
899 183
528 951
353 489
571 127
896 788
993 313
127 371
266 966
463 248
858 909
168 573
520 318
722 590
185 470
933 966
605 803
233 700
179 623
69 641
632 534
198 78
637 636
754 783
780 89
384 6
557 363
671 333
38 149
497 485
758 835
282 392
395 409
430 422
822 323
939 197
689 316
116 660
497 903
313 39
503 913
595 8
637 760
837 9
364 386
207 381
224 295
397 700
135 981
567 869
783 242
687 305
115 72
90 355
251 525
537 983
325 61
902 808
272 637
621 832
482 386
895 821
918 926
620 794
719 875
711 228
133 333
57 723
659 760
537 126
983 592
995 817
279 710
642 498
7 932
556 562
37 326
777 759
986 280
264 924
912 730
168 513
292 883
495 974
619 780
87 512
743 915
141 254
555 623
369 606
443 17
679 468
200 23
611 32
697 466
510 632
627 192
774 189
13 293
834 297
378 507
697 741
127 759
452 604
597 30
227 235
523 502
896 118
10 540
554 431
950 237
970 191
184 546
780 480
631 643
561 86
71 362
748 127
127 777
680 305
298 634
69 143
20 405
928 390
314 120
24 182
568 444
522 776
947 554
312 536
571 646
732 229
703 201
694 86
72 344
764 974
670 897
543 243
474 489
798 276
406 753
319 106
583 383
258 150
623 77
609 471
342 660
127 395
363 98
703 804
795 565
719 629
476 627
751 12
135 434
782 235
61 403
326 54
487 124
723 529
20 504
972 32
538 500
218 992
166 952
625 762
442 30
233 985
905 963
391 857
764 933
877 692
168 460
265 404
71 561
777 853
283 655
925 889
991 324
325 437
169 971
535 138
706 472
312 267
763 915
844 769
93 141
928 830
510 732
712 650
365 286
17 927
382 76
872 473
736 562
489 173
384 609
573 300
617 718
816 726
329 740
425 63
638 33
589 120
13 612
67 809
355 863
655 272
174 12
870 650
350 177
204 978
433 499
110 852
429 798
764 41
888 906
398 136
489 269
623 160
443 802
255 772
547 661
856 387
419 126
167 894
754 701
702 552
563 321
166 586
754 133
246 241
164 936
873 201
314 230
532 543
130 903
591 871
781 861
408 150
575 93
310 334
301 869
959 385
446 86
546 586
703 534
231 461
875 635
330 404
582 922
744 194
392 630
681 783
937 567
215 937
850 925
562 415
114 703
576 49
111 77
471 952
253 582
928 82
418 906
477 152
288 397
954 752
866 302
414 897
929 817
910 386
937 986
114 159
571 937
442 920
284 977
741 624
905 837
210 299
934 12
944 236
693 504
39 600
823 434
815 3
863 846
179 256
15 404
951 258
66 720
820 13
497 764
952 826
586 251
722 244
169 234
555 112
51 401
134 779
233 964
690 370
800 442
77 855
21 958
7 404
713 578
84 905
85 204
728 610
113 901
510 264
963 861
882 195
949 987
913 11
168 912
394 100
733 967
358 48
681 209
561 442
904 371
310 757
751 698
860 544
67 670
678 435
471 35
723 751
112 298
69 832
971 192
577 168
502 361
305 927
776 421
876 717
152 99
398 146
999 457
224 479
132 3
686 359
339 6
39 605
525 982
667 470
518 953
88 486
375 934
670 534
617 42
552 769
929 107
445 739
902 819
535 962
566 720
234 219
255 286
796 457
442 611
194 372
372 169
516 137
688 411
985 902
277 319
40 771
902 98
954 166
511 855
763 21
922 824
871 291
822 948
871 538
72 599
646 389
931 128
732 916
321 760
406 291
52 42
459 73
171 44
494 310
326 802
792 609
739 587
158 702
917 993
645 916
648 937
317 16
727 552
207 768
918 583
796 819
635 448
719 690
190 886
276 329
303 156
734 713
666 735
558 176
147 783
482 569
597 421
217 869
268 244
991 641
674 431
334 521
452 530
648 275
347 133
235 684
914 534
182 63
340 304
738 656
229 235
49 43
201 796
344 231
783 364
771 35
127 466
752 372
24 988
400 711
218 716
348 37
422 509
355 254
975 460
691 907
700 414
828 463
933 928
507 868
344 91
692 27
745 552
607 217
192 74
384 812
715 675
830 885
288 609
572 475
787 28
262 853
604 355
245 112
183 960
62 974
769 274
814 813
675 397
588 652
823 320
986 80
113 948
423 632
913 288
305 940
743 550
500 463
557 456
576 557
971 467
872 605
33 657
899 242
204 732
249 82
360 575
290 459
573 138
922 521
875 311
273 158
386 365
94 499
890 211
775 359
653 663
617 547
357 208
555 189
353 712
283 842
135 334
394 786
426 739
386 141
17 500
244 822
550 946
99 601
937 182
676 521
997 310
78 74
420 657
370 266
243 782
494 385
769 744
96 841
76 718
681 910
268 852
456 233
458 484
979 372
29 956
27 231
670 617
778 148
969 638
182 772
388 321
310 678
344 400
858 20
546 454
436 776
140 381
428 50
789 785
20 480
712 195
752 888
271 530
910 518
235 251
178 421
534 121
832 191
172 248
47 669
436 169
732 893
247 382
374 489
835 386
288 534
927 100
494 563
749 650
41 594
862 453
898 433
682 53
58 945
813 489
382 462
599 746
494 809
108 532
792 758
656 991
65 918
899 769
858 608
423 410
485 157
471 581
589 228
455 188
309 213
89 170
30 33
703 185
43 440
539 224
811 335
755 205
734 316
764 87
692 91
590 850
904 121
640 567
562 582
337 941
225 174
532 590
394 568
339 862
960 36
134 252
825 970
813 921
645 839
195 336
370 766
287 443
742 120
622 145
373 498
326 162
747 950
137 915
719 844
410 646
669 944
687 607
406 5
484 346
653 816
745 420
597 444
279 537
222 1
456 364
587 11
207 950
203 968
295 735
150 462
820 811
941 615
196 583
367 151
61 212
979 290
253 788
876 74
48 520
234 977
30 26
186 608
624 746
861 282
74 802
141 413
710 278
809 178
835 829
673 845
314 664
847 662
391 459
499 874
360 374
484 176
599 424
138 525
638 859
589 188
336 281
830 261
845 21
246 652
635 866
171 995
77 376
906 669
883 40
147 731
699 743
851 834
552 2
718 236
175 79
643 281
793 149
626 955
429 551
330 851
224 287
807 455
798 912
446 488
716 870
571 441
968 635
227 887
836 654
407 990
18 694
114 8
706 836
720 52
856 373
620 801
868 870
320 677
430 373
779 383
168 452
823 759
583 896
958 105
209 793
665 717
476 338
414 431
318 791
310 248
465 350
107 803
302 957
401 303
635 929
175 569
116 213
19 108
845 241
874 728
869 607
688 126
891 255
868 675
759 969
61 473
115 250
898 779
721 538
627 536
534 192
411 316
514 591
973 552
527 104
464 4
460 777
667 591
708 758
164 168
643 345
747 336
627 520
844 363
611 803
648 713
70 715
704 657
233 636
716 218
225 565
647 364
381 878
256 580
428 630
341 173
117 985
379 736
569 948
93 704
600 762
534 392
876 4
386 357
784 194
383 582
759 918
404 836
457 723
43 317
192 418
465 65
887 525
913 87
808 949
468 176
819 946
70 576
187 867
747 536
959 212
961 31
232 573
997 25
222 304
431 775
376 150
468 487
724 85
973 762
965 333
861 846
892 100
697 242
107 114
417 99
853 227
489 880
590 390
352 755
511 16
946 259
343 663
910 93
41 428
389 829
231 18
298 558
480 219
216 678
185 229
156 799
784 602
914 160
215 798
450 703
292 504
897 554
79 991
519 766
667 364
857 912
977 423
117 145
635 86
625 124
208 946
42 208
163 714
919 876
686 345
414 728
828 704
144 92
868 627
762 614
277 748
779 769
207 808
221 787
19 395
931 661
750 568
799 907
884 483
398 55
628 311
808 265
784 232
718 857
742 285
974 652
409 418
317 937
562 685
898 190
159 97
814 623
957 120
584 435
488 864
225 363
718 172
64 283
576 824
256 251
320 527
910 606
147 135
628 969
543 553
529 25
22 147
317 740
174 4
362 10
331 243
88 892
667 415
509 500
355 708
949 599
512 632
629 729
796 90
20 737
746 406
976 642
567 28
341 3
846 96
553 282
675 196
586 638
549 977
158 363
189 909
994 418
671 175
446 421
473 745
326 351
394 622
725 865
5 403
25 527
685 387
117 735
288 291
450 983
38 471
735 616
567 453
750 608
750 438
393 324
70 720
351 461
379 32
124 512
119 610
384 556
690 428
563 444
755 799
381 799
127 12
572 611
143 790
601 420
551 664
210 528
661 425
108 595
714 78
455 430
356 69
861 955
207 597
774 453
218 936
968 564
180 41
825 311
154 600
831 988
461 48
736 208
586 20
347 205
856 456
60 422
314 209
214 741
99 166
954 321
955 98
396 872
85 734
17 716
463 317
795 531
327 271
672 769
763 936
796 408
851 940
544 595
227 160
681 350
605 569
550 558
291 205
966 688
661 403
335 848
530 340
532 879
273 863
736 525
369 58
19 426
280 913
356 439
135 994
514 387
924 882
667 388
551 589
162 375
698 791
724 181
700 587
72 546
24 178
8 784
922 393
211 940
188 195
443 801
995 388
420 249
272 683
66 496
721 189
524 924
75 352
988 110
249 754
833 658
467 33
582 630
219 995
515 560
620 882
37 440
459 246
353 717
460 983
652 58
585 737
926 310
329 958
826 714
399 825
168 457
874 569
565 660
932 278
348 827
448 555
657 156
201 153
753 680
13 121
431 483
540 169
796 130
493 510
313 936
408 205
65 657
105 916
830 615
85 240
997 530
846 581
380 978
119 58
517 115
17 343
593 883
313 755
820 429
93 630
122 460
205 925
805 296
519 44
388 478
879 484
101 182
812 709
147 734
38 763
803 463
544 309
11 589
282 861
376 160
250 873
529 539
508 187
619 257
159 77
841 717
862 53
537 452
739 975
48 238
913 804
47 829
938 378
204 601
884 883
35 815
744 658
363 893
265 272
869 706
590 913
412 926
108 244
941 188
112 679
698 245
542 973
512 89
541 107
188 394
162 438
628 434
281 611
970 549
1 340
498 622
157 168
771 435
152 608
299 133
940 613
731 689
148 951
811 47
46 435
476 113
912 990
589 947
963 129
269 708
984 709
945 549
807 656
292 484
563 296
624 460
71 631
971 946
875 836
384 435
571 643
337 3
519 834
955 270
902 642
706 263
210 337
233 232
155 340
367 594
755 643
469 425
690 245
661 266
824 1
591 847
932 50
886 692
418 577
787 438
660 723
30 181
66 8
543 32
302 369
34 89
775 452
997 371
130 652
754 688
986 916
688 822
213 983
280 834
748 504
573 885
95 480
81 953
175 690
560 524
350 958
523 486
991 772
894 242
515 916
714 109
530 337
182 471
419 141
506 546
704 951
685 848
359 906
896 393
529 228
206 85
552 703
935 226
192 566
779 224
101 826
802 328
72 987
261 896
149 829
733 480
753 152
223 168
233 481
460 136
598 831
461 127
490 267
252 609
536 162
604 226
155 739
978 719
992 113
656 351
704 424
217 165
323 993
323 171
79 367
910 260
340 392
749 124
381 436
207 992
143 692
691 46
313 200
563 609
378 202
565 934
499 675
193 808
485 61
229 291
442 395
374 502
312 796
632 146
709 766
864 257
962 156
292 647
866 184
147 831
642 654
221 661
103 234
308 133
438 700
147 577
511 35
784 505
331 944
744 677
453 706
954 460
640 718
23 595
740 856
997 154
977 316
891 37
313 272
384 444
261 351
178 497
492 90
96 142
833 989
471 804
62 479
312 616
900 282
682 699
152 676
774 962
663 456
389 796
947 313
438 988
254 657
468 968
608 468
616 22
242 935
695 163
524 616
331 534
118 526
638 283
309 17
732 753
631 132
57 533
816 973
84 109
708 936
203 30
200 975
628 264
528 79
775 311
516 523
878 334
249 851
886 588
75 823
925 865
437 744
63 337
997 294
240 145
959 894
52 870
309 972
112 698
532 594
999 896
69 690
162 810
898 678
301 263
574 787
472 849
26 828
877 754
605 979
795 234
547 404
452 623
200 546
690 745
720 730
928 257
769 847
516 130
207 651
264 352
939 98
644 189
444 817
727 188
736 191
611 516
94 655
770 760
934 4
85 686
836 215
631 674
818 135
113 765
223 597
855 680
970 290
212 289
171 209
492 784
434 69
842 329
424 733
718 952
856 468
973 745
80 758
70 129
666 977
628 828
110 571
466 230
825 928
477 729
857 3
768 599
205 901
663 64
335 137
896 385
580 267
730 232
160 940
292 219
886 396
798 874
504 759
105 980
994 572
356 367
765 603
800 406
871 767
162 803
732 686
528 87
959 743
636 213
588 409
574 836
500 872
596 977
839 764
899 941
162 390
245 510
803 615
208 391
549 931
428 251
243 515
336 203
991 588
66 847
134 247
394 36
978 152
576 31
615 660
819 220
480 902
507 875
571 733
235 558
536 154
749 958
83 151
413 741
279 273
580 503
497 927
276 819
813 368
869 300
794 774
327 595
842 448
468 678
953 480
228 818
598 816
416 952
899 815
14 224
433 828
619 716
960 439
841 662
168 132
458 628
64 869
709 175
599 363
897 516
437 219
312 813
348 449
382 468
221 29
484 310
127 905
474 648
862 533
817 139
872 11
136 534
726 114
52 965
61 621
564 48
650 70
607 454
377 773
883 536
250 442
150 207
789 79
863 162
174 266
60 115
121 141
9 739
712 866
776 39
319 453
671 416
128 495
776 128
194 632
615 497
263 693
999 762
0 553
142 883
629 909
243 217
154 17
744 989
273 302
576 165
207 222
89 182
762 535
902 165
219 369
742 910
118 623
806 631
648 633
821 697
508 579
585 612
142 660
46 98
789 37
708 36
938 207
494 878
623 538
965 885
962 495
943 886
111 789
899 729
442 685
650 312
903 116
332 773
567 713
308 625
813 894
744 424
436 121
665 590
40 180
433 593
742 700
777 721
351 980
639 275
571 247
93 361
985 671
377 499
981 496
232 945
682 2
343 298
642 142
706 862
529 871
148 540
925 924
579 270
723 334
520 163
994 850
178 953
417 710
772 905
960 690
833 403
592 58
452 535
384 346
763 525
718 98
388 504
332 760
231 769
713 954
482 750
470 247
167 322
343 986
925 809
331 10
23 398
550 6
135 165
533 554
934 405
408 616
918 90
496 40
70 799
392 67
146 628
65 572
302 599
321 999
865 563
438 302
12 907
556 976
932 877
81 160
75 830
993 698
764 34
319 771
118 868
176 797
315 821
753 424
840 897
207 326
401 684
947 162
573 157
456 302
782 504
367 9
535 651
254 987
810 657
902 791
662 875
791 659
800 582
824 302
206 439
86 879
273 728
151 123
440 823
456 779
476 422
625 150
570 813
550 423
467 69
661 555
149 110
808 104
20 476
726 613
17 770
116 647
898 455
796 522
183 679
333 908
78 400
304 291
78 431
824 455
69 534
454 987
616 254
415 737
417 342
276 132
13 408
980 398
154 169
163 986
95 948
340 692
752 431
840 613
753 752
81 310
42 906
618 544
641 355
690 957
893 461
40 304
449 977
523 46
44 333
694 601
69 101
107 280
319 316
599 688
705 244
665 111
459 903
608 369
713 66
373 619
302 69
744 484
528 149
919 434
61 87
115 106
183 736
50 749
125 198
375 28
441 662
940 339
639 566
581 640
628 924
828 677
100 586
45 939
962 653
916 309
674 741
76 307
900 18
10 155
607 383
769 326
285 500
196 283
522 611
691 549
712 214
810 393
69 917
258 266
140 270
208 175
351 578
702 794
568 632
516 348
742 762
636 773
147 292
486 35
665 462
833 188
848 337
850 416
937 408
889 124
56 76
841 100
343 235
525 891
462 913
970 312
869 209
598 654
207 936
108 803
582 34
116 176
301 856
110 142
362 401
736 779
662 350
927 420
396 874
119 897
485 575
315 961
492 847
960 412
839 777
332 373
388 65
84 509
209 693
326 165
545 283
644 303
321 615
143 336
30 452
873 283
702 573
944 562
761 162
709 915
850 162
574 712
628 693
946 262
105 895
863 631
406 822
246 310
138 260
258 725
273 588
403 161
688 948
347 190
762 867
497 330
749 737
842 569
511 714
229 222
15 376
237 417
310 540
804 8
694 241
607 453
633 115
786 781
819 165
236 370
522 932
881 868
299 985
353 667
839 950
767 877
265 408
690 400
969 544
320 3
85 77
593 448
958 729
825 629
896 72
612 884
199 780
763 809
808 845
176 718
918 88
342 743
160 839
167 609
135 888
885 526
330 190
408 645
773 692
751 318
112 830
584 550
202 453
44 907
187 366
206 432
965 145
267 936
508 822
574 292
445 495
396 668
539 474
129 626
832 928
138 628
939 970
747 862
890 879
293 268
390 454
95 638
867 271
149 864
676 580
34 218
617 83
742 405
337 404
625 978
62 711
869 894
920 411
257 216
56 909
545 215
826 538
242 286
619 429
554 720
52 659
36 369
706 205
632 0
726 104
151 579
205 458
981 566
608 250
250 492
785 855
378 214
728 252
951 642
758 850
184 745
261 904
23 508
991 296
758 57
588 309
215 787
184 923
439 186
20 469
705 36
895 976
497 616
607 213
501 71
291 500
923 179
898 333
80 39
303 653
164 297
628 764
192 778
880 142
262 767
332 453
459 815
41 18
237 148
624 623
6 889
522 276
28 356
907 219
821 402
463 690
349 509
635 206
966 383
175 938
687 61
624 730
726 844
632 349
12 128
199 245
352 495
56 618
224 968
410 122
877 221
601 285
506 286
80 748
630 305
536 790
800 483
120 713
585 651
702 28
718 576
889 896
612 636
452 200
938 531
931 458
678 646
827 416
660 314
47 700
196 680
243 149
814 730
975 549
177 992
91 314
635 901
536 858
530 415
509 890
771 991
367 408
226 416
588 98
660 821
681 840
305 771
695 975
230 1
276 96
691 442
724 753
804 554
472 28
782 679
27 418
742 672
165 224
811 765
753 456
369 464
491 216
829 467
227 512
599 778
839 529
507 661
204 33
848 514
973 671
858 793
348 53
989 196
908 928
86 852
682 394
226 808
896 994
925 17
763 791
791 805
861 316
151 109
331 135
765 553
425 930
270 684
566 902
723 589
805 573
228 244
559 234
612 169
250 205
529 913
981 619
989 477
971 115
959 14
440 454
451 993
688 768
893 786
139 973
183 534
739 965
380 41
566 37
978 618
638 53
956 942
928 506
699 802
774 990
743 996
673 228
132 81
37 812
259 3
926 374
21 912
562 157
300 807
243 158
268 140
392 250
155 131
14 30
661 756
590 772
704 62
221 59
152 23
181 483
475 176
470 700
891 517
615 706
579 980
843 741
396 205
132 391
232 192
944 621
482 292
429 661
356 499
617 142
400 995
377 863
746 611
948 401
424 618
533 883
301 771
411 507
130 531
298 915
552 166
991 67
650 676
669 768
303 511
502 351
460 580
125 319
212 467
845 415
20 337
751 768
18 259
186 346
568 999
479 132
328 316
611 522
525 607
838 189
19 729
921 814
511 976
29 109
641 100
396 930
805 500
638 339
386 773
783 594
49 252
132 663
470 987
566 217
882 646
725 595
19 827
116 415
289 186
460 255
574 877
918 955
101 57
150 667
478 37
789 386
960 412
405 395
510 761
234 37
43 415
403 295
173 966
625 559
595 119
898 803
663 913
225 102
521 757
54 843
847 951
927 93
835 382
914 387
279 987
14 766
212 90
871 254
487 218
78 565
134 756
84 267
628 766
134 697
834 860
536 123
749 857
428 723
424 493
949 637
519 424
311 841
11 34
861 460
598 89
179 919
183 535
40 673
968 569
101 219
996 939
649 468
856 51
765 352
304 271
724 404
20 782
677 321
784 642
988 157
55 685
190 301
506 731
367 958
145 13
382 157
772 859
126 764
24 208
574 554
287 828
585 868
127 653
668 243
950 197
784 109
500 36
79 126
40 571
7 809
677 503
551 191
96 128
119 837
250 186
620 648
369 682
355 831
328 432
249 60
454 720
247 93
372 602
546 450
534 714
241 883
763 131
315 607
851 110
224 70
458 474
870 526
843 462
113 792
125 25
717 429
460 399
799 249
61 911
298 254
21 957
148 775
242 966
807 737
247 869
857 581
342 761
793 773
483 648
454 786
726 924
91 572
184 796
252 226
631 651
312 530
628 665
325 705
104 454
213 713
324 379
11 743
901 315
613 309
782 617
221 625
990 838
271 2
274 553
69 761
797 849
62 707
226 769
953 132
458 5
15 387
202 123
339 507
109 607
645 739
341 155
671 16
239 20
850 715
244 805
409 467
696 234
696 976
915 625
618 843
183 695
627 390
296 381
529 609
13 295
323 633
126 776
837 133
780 832
226 876
315 131
240 416
922 882
276 65
765 140
537 431
274 466
119 664
128 174
182 403
57 502
531 274
74 431
102 408
416 1
862 218
2 0
985 465
70 31
711 792
748 820
778 817
690 126
2 728
944 748
583 280
739 91
592 191
686 247
714 93
895 214
572 949
896 231
551 833
589 946
320 778
156 744
220 394
274 127
522 392
140 224
585 308
35 557
761 384
32 391
93 933
934 662
865 753
848 201
526 89
68 320
744 650
250 644
147 279
882 163
119 432
747 15
249 862
845 334
841 739
174 884
991 364
327 531
531 285
921 378
998 730
643 57
629 542
810 534
28 464
339 883
876 284
421 79
569 732
238 942
245 521
287 42
578 812
767 401
595 187
313 848
471 111
585 138
834 627
908 695
436 877
511 868
469 855
652 681
697 348
54 259
528 651
66 166
920 761
38 199
274 888
14 453
640 3
354 621
932 191
418 733
446 970
852 225
100 763
51 32
586 568
687 640
961 513
21 776
997 779
617 817
898 841
504 368
407 394
281 111
33 362
672 184
965 731
997 927
99 796
831 63
254 497
916 667
230 368
845 826
236 361
725 556
848 59
11 502
398 874
669 947
59 934
716 899
868 162
596 782
803 181
106 379
978 504
940 284
494 680
281 222
976 281
344 475
704 111
817 29
22 738
631 379
665 540
478 51
563 445
219 293
82 484
994 546
373 173
264 712
697 954
475 10
141 151
716 129
507 62
342 587
334 285
454 799
369 636
305 440
703 690
350 940
50 25
52 597
604 438
375 656
78 232
198 747
723 664
848 824
486 943
371 658
274 640
571 504
931 449
712 631
789 345
958 961
711 169
635 925
535 122
840 451
165 79
519 443
682 349
358 332
901 630
125 628
865 172
115 556
255 810
33 942
279 958
259 417
970 9
302 204
847 252
179 301
378 379
149 473
538 638
441 624
342 370
447 657
107 250
823 408
338 898
126 517
199 668
712 503
497 32
505 385
472 5
886 666
62 472
363 260
27 215
598 94
617 607
778 672
315 384
694 142
280 206
313 47
212 719
958 46
676 874
322 162
159 698
482 699
543 340
595 632
465 633
612 599
80 844
331 310
177 697
270 977
410 338
92 418
746 71
8 240
616 195
129 938
706 22
339 306
829 570
58 799
27 296
520 206
382 65
506 520
395 19
65 675
303 622
339 589
826 178
195 428
60 822
196 369
382 252
894 676
930 22
227 756
869 259
602 53
186 728
889 525
632 22
210 583
761 849
666 718
593 296
199 819
611 386
437 389
477 870
403 565
552 34
985 463
196 188
493 49
401 46
267 777
828 683
769 696
848 462
563 421
310 450
269 315
997 126
778 452
534 294
319 925
814 420
111 459
615 634
505 993
753 477
647 59
899 292
115 879
994 493
752 516
937 947
67 49
202 634
629 358
602 612
802 924
881 441
47 968
730 166
321 813
312 614
319 460
218 421
595 969
911 488
853 810
616 962
427 813
680 712
711 979
64 543
152 803
381 724
323 860
331 687
11 354
410 654
691 45
365 646
147 918
322 79
647 323
184 660
971 898
746 321
84 463
570 626
294 183
47 819
735 729
605 770
973 968
567 132
429 427
101 545
292 899
308 32
379 754
339 902
326 876
498 584
429 885
698 139
39 635
637 448
170 432
753 432
846 730
892 389
844 7
729 583
807 146
961 489
844 299
321 132
776 539
990 56
86 767
250 184
5 976
519 481
611 865
263 567
67 604
890 180
220 477
234 457
392 663
946 802
27 10
640 126
718 424
19 262
344 850
148 135
32 97
85 219
165 317
289 348
